0.10304
-0.00000
0.00000
-0.00003
0.00033
-0.00063
-0.00859
0.00717
0.01936
0.00207
0.00040
0.00020
0.00137
0.00287
0.00025
-0.00023
0.00009
0.00076
0.00006
-0.00001
0.00000
0.00000
-0.00000
0.00045
-0.00387
-0.00905
-0.00625
0.04972
0.09541
0.03367
0.04014
0.01477
-0.02798
-0.04209
0.00165
0.01677
0.00130
-0.00119
0.01880
0.00211
-0.00037
-0.00000
0.00006
0.00149
-0.01749
-0.04232
-0.15146
-0.12813
0.38531
0.54101
0.19939
0.09602
0.21605
0.02077
-0.40163
-0.54704
-0.06360
-0.15028
-0.41367
-0.01460
0.00215
0.00000
-0.00026
-0.01541
0.13906
0.46501
0.20700
-0.00131
0.23073
0.55595
0.26887
0.21232
0.32906
0.34481
-0.00971
-0.76959
-0.29341
-0.22270
-0.76076
-0.07127
0.02651
0.00004
-0.00414
0.01507
0.31616
0.65712
0.68741
0.49898
0.07634
0.52568
0.07338
-0.37145
0.17423
-0.12889
-0.19062
-0.68783
-1.19104
-0.38637
-0.26898
0.07268
0.05279
-0.00129
0.00846
0.12446
0.23059
0.27359
0.02167
0.39987
-0.13208
-0.28383
-0.28308
0.37354
0.96032
-0.00950
-0.70199
-1.06832
-1.27930
0.04918
0.75419
0.25628
0.03888
-0.00384
0.03285
0.31451
0.64991
0.55076
0.31910
-0.33046
0.13612
0.56094
-0.02472
0.13521
1.02943
0.42922
-0.00497
-0.64496
0.04419
0.40079
0.57831
0.37387
0.06701
-0.00359
0.02989
0.31152
1.06381
0.76442
0.19770
0.18498
-0.06436
0.07805
0.19321
-0.39082
-0.08453
-0.67443
-0.63401
-0.59093
-0.71608
-1.33041
-0.76558
0.95177
0.15727
-0.00944
0.10209
0.32107
0.72024
-0.29706
-0.05348
-0.04805
-0.65304
-1.04339
0.36333
-0.30188
0.08007
-0.08367
0.59016
0.19493
-1.05675
-1.09068
-0.95872
1.21315
0.17936
-0.02198
0.24750
0.14167
0.33241
-0.68894
0.01714
0.33876
-0.33702
-0.08696
-0.24847
-0.64015
-0.04574
1.15787
1.13812
0.71406
0.38870
-1.31488
-1.09622
0.65259
0.22267
-0.02095
0.23941
-0.50010
0.10691
-0.29026
-0.60949
-0.22842
-0.69866
-0.11004
-1.46755
0.01731
1.24261
0.97607
-0.14214
0.84066
-0.62389
-1.30650
-0.11661
0.84415
0.20796
-0.01560
0.19706
-0.12889
-0.45216
-0.51785
0.34250
0.19122
0.15436
0.78218
0.21336
0.77310
1.45379
0.12532
0.00192
0.94858
-0.10732
-0.56472
-0.08889
0.83511
-0.03395
-0.01140
0.12290
0.29542
0.01419
-0.27119
0.09764
-0.67317
-0.51474
0.22165
0.84284
0.31850
1.03914
0.09717
-0.33416
-0.81972
-0.41139
-1.22790
0.38355
0.87490
0.03098
-0.00615
0.07203
0.26799
-0.26808
-0.26206
-0.31215
-0.95915
-0.05910
0.50065
0.26355
0.16963
0.45847
0.75595
-0.10111
-0.29231
-0.64747
-1.38569
-0.44570
0.38752
-0.01906
-0.01458
0.14031
0.66708
-0.19102
-0.85324
0.22851
0.49411
0.76830
1.84341
0.78504
0.79017
-0.09085
0.35039
-0.04137
0.26710
-0.32236
-0.53081
-0.14149
0.04094
-0.05785
-0.01517
0.15609
0.41058
-0.28135
-1.54089
-0.51000
-0.60804
0.07428
1.37404
0.90541
0.97753
0.62516
-0.30825
-0.75248
-0.46018
-0.25452
0.07937
0.00711
0.19509
0.27339
-0.00312
0.03977
0.06790
-0.42902
-1.32788
-1.20124
-0.94154
-0.17933
-0.11471
0.12947
0.19211
0.46180
0.46984
0.22203
-0.12733
-0.15506
-0.01660
-0.04708
0.04859
0.09900
-0.00054
0.01325
-0.05267
-0.28675
-0.96175
-0.98476
-1.20406
-0.38510
-0.18563
0.14811
-0.09270
-0.04324
0.53510
0.77273
-0.00527
0.00862
0.12075
0.03163
0.01029
-0.00835
0.00003
0.00281
-0.02985
-0.07205
-0.41035
-0.61938
-0.51718
-0.35096
-0.08871
0.02007
0.04343
0.11825
0.16923
0.05481
-0.02885
-0.02552
-0.00792
-0.00011
-0.00106
-0.00030
-0.00000
-0.00029
0.00236
0.02138
-0.16877
-0.17573
-0.04042
-0.00428
-0.00490
0.00179
0.00112
0.01189
0.00353
-0.01392
0.00120
0.00136
0.00046
0.00000
-0.00000
0.00000
-0.30173
0.00000
-0.00000
0.00000
0.00003
-0.00074
-0.00639
-0.00232
-0.00943
0.00104
0.02054
0.00485
-0.00263
-0.00394
0.00022
-0.00071
-0.00026
-0.00000
0.00001
-0.00000
-0.00000
0.00000
0.00001
-0.00021
0.00100
0.00279
-0.00625
-0.02847
-0.06746
-0.05925
-0.26887
-0.07050
0.03301
0.03912
-0.03943
-0.02159
-0.00549
-0.00961
-0.01958
-0.00368
-0.00054
-0.00000
-0.00016
-0.00068
0.02097
0.07386
0.10697
-0.07094
-0.66586
-1.08769
-0.51860
-0.03307
-0.04299
0.25381
0.90654
0.80246
0.03492
0.06808
0.31795
0.01989
0.00901
-0.00000
-0.00022
0.01155
-0.07070
-0.26687
-0.20583
0.11876
-0.71813
-1.14802
-0.52743
0.00483
0.12692
0.11497
1.08788
1.13758
0.44340
0.46840
1.05778
0.24171
0.00592
-0.00000
-0.00037
0.01322
-0.06059
-0.23615
-0.25065
0.23017
0.07385
-0.20550
-0.36763
-0.16754
-0.80575
-1.77470
-0.10926
0.46892
-0.32442
0.25450
1.39042
0.27908
-0.10910
0.00000
-0.00572
0.02592
0.33929
-0.04703
-0.25739
0.20278
0.18622
0.03651
0.87733
-0.76188
-2.00660
-2.45821
-0.17773
0.74309
-0.92867
0.33780
1.46484
0.10685
-0.14041
0.00005
0.00653
-0.05697
-0.15524
1.06849
-0.01037
0.10615
-0.22567
-1.38270
0.16982
1.19560
0.16894
-3.35097
-2.46399
0.25629
0.05070
0.26654
1.20862
0.03849
-0.14971
-0.00038
-0.00172
-0.19515
-0.54684
1.04592
-0.89304
-1.12871
-0.72241
0.26191
0.39867
1.75222
1.11079
-3.47958
-3.14223
0.65169
1.04973
0.01983
0.52097
0.04541
-0.33949
-0.00098
-0.02344
0.15971
-0.34606
-0.04838
0.34233
0.72120
-0.11511
0.72189
0.94187
0.54688
0.50511
-1.84598
-3.34564
-1.07495
0.45776
-0.01638
0.19087
-0.33651
-0.24470
0.00468
-0.05965
0.38812
0.17885
0.27322
0.45740
0.64777
-0.52074
0.41712
1.01480
-0.09401
0.32029
-1.56789
-2.03062
-1.17086
-0.47665
-0.19204
0.44797
-0.05615
-0.19428
0.01794
-0.23557
0.20926
0.20997
0.28504
0.81124
-0.53976
0.28646
0.75165
-0.41951
-1.11610
0.75845
-0.27392
-0.20454
0.55220
0.79720
0.51673
-0.52497
-0.01016
0.00884
0.00318
-0.06913
0.58090
0.41662
-0.00189
0.83364
0.09186
-0.45173
0.24144
-0.34369
0.36677
0.88558
-0.45849
-0.93083
0.37375
-0.68158
0.11943
-0.28454
-0.31012
0.08915
0.00288
-0.02631
0.57290
-0.56186
-0.89606
0.63346
-0.80122
-0.45029
1.46663
1.36881
0.03631
0.04587
-0.20657
-0.49243
-0.05791
-0.94707
0.32512
-0.29973
-0.42702
-0.00424
0.00038
-0.00391
0.11102
0.12523
0.43898
0.33940
-1.12483
-0.55101
-0.62488
0.92512
0.33831
-0.65822
-0.00711
-0.14322
-0.14961
0.28248
-0.30386
-0.35891
-0.17816
0.04601
0.00184
0.00578
-0.13583
0.02194
0.06965
0.17010
-0.00900
-0.69074
-1.52151
0.59665
0.91280
-0.94522
-0.19713
0.76889
0.31452
-0.20292
-0.28019
-0.13076
-0.10629
-0.01480
0.00242
-0.00522
-0.22675
-0.47786
-0.36555
-0.05528
0.72251
-0.42111
-0.67134
0.07135
0.66838
-0.05413
0.15016
-0.01053
-0.79946
-0.28270
-0.33394
-0.04534
-0.29488
-0.45233
0.00060
-0.00485
-0.08983
0.10812
0.11527
0.12062
-0.57867
-0.97540
-0.26940
-0.43466
-0.61289
0.00432
0.32989
-0.24522
0.37705
0.65894
0.09284
0.26876
0.11426
-0.12059
-0.00008
0.00070
0.06682
0.00705
0.12247
0.48764
0.24068
0.33206
0.42037
-0.04270
-0.28949
-0.46015
-0.39762
-0.27269
0.53447
0.22315
-0.01288
-0.01148
0.02236
0.01289
0.00000
-0.00007
-0.01076
0.09786
0.18222
0.28041
0.42846
0.55222
0.32522
0.02729
-0.08369
-0.08888
-0.01420
0.08339
0.00531
-0.03332
-0.00406
-0.00155
-0.00233
0.00013
0.00000
0.00001
-0.00071
0.00840
-0.04074
-0.01898
0.03032
-0.00286
-0.00816
-0.00762
-0.00121
-0.02624
-0.04716
-0.00197
-0.00182
0.00222
0.00041
-0.00006
0.00000
0.00000
1.27678
-0.00000
0.00000
-0.00000
0.00002
0.00019
0.00183
-0.00618
-0.00131
0.00083
0.00403
0.00053
0.00652
0.01473
-0.02134
-0.04177
-0.00451
0.00044
-0.00001
0.00000
0.00000
-0.00000
-0.00002
-0.00067
0.00790
0.01991
0.02736
-0.00500
-0.01893
-0.00202
-0.00989
0.00832
-0.06810
-0.14908
0.25827
0.47795
0.03998
0.00171
0.02566
0.00258
-0.00027
-0.00000
0.00026
0.01401
-0.13655
-0.51361
-0.42212
-0.35155
-0.27075
-0.41037
-0.50257
-0.24389
-0.16102
-0.51588
-0.38668
0.23668
0.07322
-0.16802
-0.54228
-0.00227
0.00173
0.00000
0.00034
0.03013
-0.32312
-0.45203
-0.31684
-0.24789
-0.11189
0.24299
-0.23426
0.15295
0.05021
-0.78294
-0.76986
-0.58702
0.64351
-0.25518
-1.02858
-0.21595
0.01353
0.00010
-0.00349
0.03179
0.07202
-0.20081
-0.48985
-0.27463
-0.05452
1.24528
0.57331
0.12279
0.71654
1.16855
0.73922
-0.24111
1.06145
0.27420
-1.18625
-0.48401
0.02731
0.00019
-0.00351
0.07236
-0.12546
-0.24560
0.09980
-0.49221
-0.06704
0.09226
-0.72886
-0.07692
0.29593
0.74514
1.30911
0.21550
-0.09864
0.55075
-1.23842
-0.99512
-0.00895
-0.00286
-0.01928
0.19589
-0.01185
0.02208
-0.19806
0.17226
0.41708
-0.75340
-0.60054
0.03334
1.02660
-0.23041
0.89358
0.97870
0.12767
0.32533
0.19852
-1.00696
-0.02751
-0.00704
0.04152
0.12051
0.06227
-0.89777
-1.09954
-0.86641
-0.22877
-0.55329
0.44446
1.92915
1.36309
1.39317
1.00106
1.59298
0.94263
0.77702
0.05471
-1.02346
-0.11111
-0.00788
0.10907
-0.51660
-0.35604
0.26192
0.80466
0.07496
-0.88025
0.36917
0.76941
-0.17769
1.48214
1.65494
1.79677
0.71713
-0.15768
1.19437
0.90535
-0.27822
-0.07811
-0.01218
0.14205
-1.01511
0.19668
0.13930
1.24145
1.17506
1.29573
-0.38359
-1.62648
-1.04990
0.31288
-0.03805
-0.16964
0.53865
0.77920
-0.02320
1.18281
0.48201
-0.21434
-0.00859
0.12365
-0.56100
0.31000
0.08096
0.07596
0.11681
-0.57248
-0.97175
-1.60032
-0.98250
-0.51157
-0.32213
-0.11345
0.06835
-0.09950
-0.65244
0.79464
0.27315
-0.16319
0.01703
0.07677
-0.30134
-0.71996
0.22133
0.04000
-1.21758
-1.62561
-0.73334
-2.13674
-0.95140
-0.27229
0.32603
0.10399
0.11460
-0.08088
-0.08052
0.60149
-0.16106
-0.03759
0.00313
0.03637
0.02041
1.48931
1.49962
-1.01656
-0.29142
-1.40539
-1.90791
-1.28546
-0.10182
0.15030
0.12018
1.16275
-0.14925
0.52769
1.18397
0.49238
-0.40662
-0.14676
-0.00117
0.01774
-0.18560
0.26885
0.08675
-1.05875
-0.57620
-0.16618
-0.69493
-0.46879
-0.26584
-0.66385
-0.67011
-0.32373
-1.63819
0.76912
1.30854
0.04157
-0.55268
-0.25534
-0.00072
-0.01286
0.22240
0.57890
-0.03963
0.15404
-1.29477
-0.00276
-0.67137
-0.36207
0.12749
0.65495
0.76716
-0.61657
-0.55202
0.54624
0.22089
0.04207
-1.10194
-0.33465
0.00011
-0.01271
0.01504
0.63424
-0.31448
-0.19732
-0.05621
-0.08649
-0.78320
-0.10032
-0.10036
-0.48719
1.29950
0.93707
-0.11865
0.19834
0.46926
-0.83788
-1.48721
-0.83386
0.00009
0.00078
-0.04270
-0.03992
0.07838
1.18893
1.51886
0.48781
-0.30626
0.54733
0.84715
0.26716
1.64819
0.80450
0.65444
1.20575
0.71916
-0.06936
-0.32179
-0.23745
-0.00002
0.00053
-0.00896
0.01946
0.84137
1.68895
1.56028
0.68670
0.62637
1.03913
0.71788
0.61135
0.94169
-0.31453
-0.64289
0.10243
0.15334
0.06466
0.00869
0.02026
0.00000
-0.00025
-0.00860
0.09393
0.36772
0.46960
0.52033
0.40473
0.35310
0.37680
-0.13561
0.01263
0.07004
0.05746
-0.07624
-0.04475
-0.02642
-0.00275
0.00250
0.00073
-0.00000
0.00002
-0.00169
0.01293
0.02306
-0.00460
-0.03921
0.00016
0.05244
0.05360
-0.00856
-0.01326
-0.00043
-0.00652
0.00865
0.00293
0.00112
-0.00011
-0.00000
-0.00000
-0.07741
-0.00000
0.00000
-0.00000
-0.00058
0.00773
0.06833
-0.00655
0.00392
0.00429
0.01480
0.00353
-0.00035
0.00059
-0.00306
-0.00791
-0.00210
-0.00456
-0.00058
0.00009
-0.00000
0.00000
0.00002
-0.00013
-0.00234
0.00862
0.09355
-0.00824
-0.02574
-0.03098
-0.13507
-0.03265
-0.00114
-0.01367
0.01434
0.06200
0.00938
0.04346
0.00182
-0.00257
0.00038
-0.00000
-0.00028
0.00198
0.01046
0.04337
0.09950
0.05169
-0.36897
-0.73290
-0.64779
-0.12985
-0.20226
-0.06171
0.29400
0.53413
0.16076
0.16413
0.11508
0.02384
-0.00538
0.00000
-0.00128
0.01088
0.04908
0.00792
-0.14384
-0.13668
-0.66532
-0.77200
-0.62886
0.08017
-0.08463
0.42367
1.22018
1.76796
1.09993
0.42372
0.13679
0.04971
-0.01167
-0.00001
0.00045
0.00032
0.05081
-0.31508
-0.91027
-0.72273
-1.32051
-1.14344
-0.21660
0.90121
-0.36514
-0.05742
1.15172
1.60994
0.87357
0.37073
-0.17475
-0.12973
-0.03980
-0.00044
0.00372
-0.04959
0.09696
-0.22160
-0.34353
0.51139
-0.28159
-0.69206
0.45623
1.46016
1.40501
1.08179
0.71488
0.38634
0.23963
-0.83212
-0.46871
-0.35381
-0.17573
0.00607
-0.08117
-0.12424
0.25814
0.64117
0.59784
-0.64396
-0.47895
-0.57872
0.81008
0.33128
0.30838
0.52973
0.55650
0.55848
0.79835
-0.20970
0.62463
-0.04172
-0.13938
0.00533
-0.08921
-0.14418
-0.01524
0.44046
-0.00159
-1.17954
-0.03524
-0.26626
0.84826
1.21675
-0.15235
0.55987
0.46570
-0.31929
0.37997
0.82951
0.01389
-0.62189
0.01485
-0.00255
-0.00227
-0.16809
-1.43235
-0.73249
0.62795
-0.50216
-0.45952
0.35446
1.91199
1.88782
1.37226
0.27795
0.45880
-0.78468
-0.36775
1.52307
0.85313
-0.79972
0.00758
-0.00421
0.03409
-0.18192
-0.43081
0.33330
-0.20289
-0.85402
-0.19018
1.21071
1.51158
0.41554
0.73080
-0.37829
-0.01988
-0.35257
-0.87496
-0.24733
0.29508
-1.16791
-0.07518
-0.01698
-0.13253
-0.10930
0.34681
-0.22586
-2.37984
-1.57323
-1.45015
-0.25032
0.89352
0.20419
0.77444
-0.12361
0.45266
0.45783
-0.20449
0.71653
0.79918
-1.17919
-0.36640
-0.02556
0.03720
0.18374
0.74742
0.83983
-1.19341
-0.41982
0.20184
-1.37858
-0.19989
-0.57455
-0.77729
0.42461
0.32968
0.75735
-0.15146
0.51028
-0.19977
-0.90273
-0.10716
0.00529
-0.07647
0.36036
0.76219
-0.02484
0.09004
-0.02088
0.40726
-1.87274
0.84171
-0.25783
-0.47813
0.13509
-0.36264
0.95471
0.68970
0.41555
-0.80423
-1.60093
-0.20175
-0.00353
0.00652
0.35605
0.96213
-0.88642
0.28187
-0.20158
-0.56840
-1.36432
-0.31550
-1.36200
0.07724
-0.68398
0.46817
-0.25618
0.27160
0.65258
0.14018
-0.33160
-0.08089
-0.00020
-0.01784
0.16167
1.11595
0.63035
-0.23490
-0.98143
-0.10406
-0.78963
-0.01748
-0.88942
0.12528
-0.34212
-0.01175
-0.06300
0.48616
0.26798
-0.08933
-0.35659
-0.14792
0.00107
-0.01819
-0.00385
0.76423
1.62996
0.54030
0.39988
-0.43013
-0.68098
0.03650
-0.06046
1.20657
1.11511
0.43929
0.44201
0.99832
0.19634
-0.48135
-0.80952
-0.58652
0.00021
-0.00431
-0.00427
0.20601
1.16966
1.66806
0.95656
0.22994
-0.02122
-0.36277
-0.51905
0.46823
0.62941
-0.23918
0.10395
0.39167
0.21727
-0.04643
-0.21226
-0.16291
-0.00001
-0.00120
0.00333
0.08654
0.55026
1.09104
0.71202
-0.13237
-0.52947
-0.78425
-0.16571
0.70387
0.61381
-0.29704
-0.43583
-0.41534
-0.01943
0.03974
-0.03224
0.02416
-0.00000
0.00004
-0.00846
0.06538
0.22513
0.45437
0.31703
0.06180
-0.42747
-0.82992
-0.09738
-0.04672
-0.04062
-0.04029
-0.01959
0.01369
0.00153
-0.00089
0.00140
-0.00006
-0.00000
0.00000
-0.00168
0.01467
0.02822
0.04375
0.00462
0.01048
-0.07463
-0.11290
-0.00602
0.00785
0.01304
0.00360
0.00062
0.00116
0.00026
-0.00004
0.00000
0.00000
-0.59160
0.00000
0.00000
-0.00002
0.00015
0.00024
0.00117
-0.01273
-0.00690
0.00012
0.00211
0.00103
-0.00394
-0.00878
0.02411
0.04094
0.00067
-0.00038
0.00002
0.00000
-0.00000
0.00000
-0.00000
0.00023
-0.00209
-0.00180
0.00488
-0.03622
-0.06134
-0.02576
-0.02588
-0.01047
0.04820
0.09759
-0.28469
-0.46917
-0.00533
-0.00020
-0.01234
-0.00265
-0.00007
-0.00000
0.00007
-0.00049
-0.00307
0.00179
-0.01712
0.20949
-0.16411
-0.71375
-0.43431
-0.04641
-0.03460
0.26691
-0.04192
-0.53453
0.13734
0.15279
0.19028
0.02026
0.00312
-0.00000
-0.00044
-0.00132
0.06338
0.05761
0.05692
0.14512
0.03190
-0.04905
-0.30262
-0.10174
-0.35439
-0.06804
0.78184
0.56433
-0.32832
0.09127
0.51765
0.10311
-0.01247
0.00000
-0.00230
0.00935
0.20087
-0.13951
0.06859
0.39941
0.08421
0.17903
0.21422
-0.05907
-0.03967
-0.05387
0.70501
1.19823
-0.34213
-0.25326
0.26499
0.11133
-0.03319
0.00008
-0.00308
0.00118
0.32910
0.13790
0.03824
-0.01784
0.45984
-0.13390
0.63644
0.45054
0.23393
0.08491
-0.05624
0.01195
-0.12581
0.03333
0.68324
0.08984
0.01477
-0.00067
-0.00593
0.18012
0.94604
0.78692
-0.53785
-0.13290
1.15413
-0.19099
0.01856
0.02444
0.38695
0.78841
0.71999
-0.34028
-0.20247
-0.10067
-0.17301
0.04629
0.10922
-0.00060
-0.00992
0.46900
1.27577
1.68643
0.31532
-0.11728
1.14937
0.98602
0.96173
-0.75461
-0.64511
-0.27655
0.46759
0.06385
0.57902
0.37620
-0.03775
-0.07373
0.01326
-0.00066
-0.00450
0.64301
1.46483
0.54809
-0.55688
-0.88057
-0.50023
0.48402
1.58855
0.73570
-0.02393
-0.32263
0.56053
0.42448
0.63450
-0.82731
0.23536
0.16315
-0.03402
-0.00313
0.01777
0.89924
1.65115
-0.73396
-0.94624
-0.44429
-2.30381
-1.31640
0.47110
1.03058
0.28233
-0.60502
0.39096
0.49311
0.21064
-1.29538
1.54793
0.69470
-0.26143
-0.00601
0.10785
0.36051
-0.23741
-0.38962
0.07258
-1.08294
-1.52602
-1.24839
-0.23397
1.54375
0.26279
-0.89504
-0.55245
0.53977
1.05343
0.43209
0.01304
-0.26696
0.20205
-0.00664
0.10261
0.09890
0.54060
0.61551
0.12665
0.34711
-1.12582
-1.71050
-0.34088
0.25851
0.39855
-0.09008
1.21049
0.62597
0.55185
-0.07101
0.36888
0.41964
0.21981
-0.01626
0.19375
0.53093
0.05603
-0.53989
-0.21406
0.16528
0.15971
-0.11694
1.50354
0.05989
-0.67918
-0.17499
1.09877
0.01663
0.23494
-0.64160
0.18858
0.35557
0.05724
-0.00645
0.08272
0.85497
0.06592
-0.39204
0.11317
-0.33103
-0.50674
-1.15833
-0.03792
0.11559
-0.00411
0.13479
0.50132
0.07556
0.32019
0.53913
0.74304
0.40724
0.10724
-0.00466
0.05527
0.76942
0.14683
-0.19301
0.14666
0.70664
-0.57108
-0.48712
-0.36020
-0.22535
-0.83830
0.66451
0.91886
0.30561
0.84248
1.28113
1.05556
0.46981
0.06469
-0.00637
0.07298
0.37991
-0.27966
-0.46391
-0.25797
0.23906
0.01619
-0.13052
-0.93372
-0.51603
-0.92017
-0.41250
0.32230
1.30382
1.10654
0.74951
0.61367
0.06446
-0.39868
-0.00261
0.03237
0.17932
-0.43825
-0.21976
0.12935
0.00144
-0.06799
0.04629
-0.16345
-0.17955
-0.16427
0.37162
0.98620
1.26926
1.15561
0.85241
0.43124
0.16295
-0.09967
-0.00046
0.01075
-0.05031
-0.16739
0.31295
0.30787
-0.53587
-0.26906
-0.07690
0.17358
-0.10458
-0.12231
0.01158
0.08663
0.26787
0.19790
0.09517
0.01238
0.00113
0.01116
0.00003
0.00143
-0.03166
0.05663
0.51801
0.35745
-0.36114
-0.34011
-0.17983
-0.06384
0.03946
0.21409
0.16592
-0.06165
-0.03359
-0.04283
-0.01889
-0.00404
-0.00089
0.00004
0.00000
-0.00016
-0.00048
0.00155
0.38968
0.35714
0.00200
0.00668
-0.00057
0.00423
0.01247
0.06203
0.07827
0.00631
0.00039
0.00238
0.00070
-0.00005
-0.00000
-0.00000
-0.41630
-0.00000
0.00000
0.00002
-0.00043
0.00262
0.02588
-0.00824
-0.00202
0.00042
0.00058
0.00013
-0.00014
-0.00037
-0.00027
0.00094
0.00008
-0.00342
-0.00045
0.00007
0.00000
0.00000
-0.00002
-0.00020
0.00331
0.01079
0.04196
-0.01217
-0.00784
0.00170
0.01038
0.00875
0.00519
-0.00578
-0.00758
-0.02207
-0.00417
0.03170
-0.01124
-0.00432
0.00071
-0.00000
0.00015
-0.00094
-0.00543
-0.03844
-0.19879
-0.09410
-0.22357
-0.51510
-0.36072
-0.04533
0.02630
0.15281
0.19390
0.14467
0.07153
0.28984
0.40662
0.03726
-0.00706
-0.00001
0.00076
-0.00013
-0.06565
-0.11942
-0.29161
-0.31976
-0.40706
-0.37902
-0.28355
-0.19486
0.01164
0.26621
0.37646
0.86394
0.21201
0.14125
0.47400
0.13954
-0.04228
-0.00009
-0.00065
-0.00545
0.08515
0.17185
-0.51579
-0.53767
-0.34545
-0.61365
-0.39794
0.09629
-0.08675
-0.30975
0.82693
1.25216
0.42484
0.20826
-0.14562
0.04681
-0.04444
0.00106
0.00637
0.02406
0.23694
0.07695
0.10643
0.21768
-0.40652
-0.49082
-0.47140
-0.20066
0.15626
0.32670
0.62854
1.41738
0.97704
-0.44110
-0.50663
0.03875
-0.04435
0.00099
0.07050
0.16875
0.04194
0.19980
0.72465
0.31267
-0.12123
0.14989
0.18629
-1.14802
-0.42677
-0.38192
-0.60408
0.79719
1.03123
-0.29555
0.10281
0.26139
-0.11000
-0.00191
0.12094
0.30678
-0.04398
0.66765
0.30887
-1.08488
-1.15754
-0.05392
0.35776
-0.45063
-0.15134
0.70835
-0.06867
1.19242
2.05407
1.54709
1.20716
0.02708
-0.11089
0.00367
0.05060
0.37893
0.19977
-0.41823
0.76702
-0.05662
-0.82250
-0.05129
-0.80385
0.15951
0.89662
0.64394
-1.05720
0.35485
1.24290
0.94509
0.28003
-0.58588
-0.11921
0.00259
0.04011
0.64823
0.57021
-0.18265
-0.38088
1.00335
0.08656
0.09571
0.19081
0.18719
0.53067
-0.19144
-0.29911
0.59199
0.33498
0.73113
1.37629
-0.01094
-0.09535
-0.01143
0.29328
0.71217
1.01446
0.05250
-0.86021
1.02997
-0.86349
-0.76830
1.64223
0.21524
0.38969
-1.20057
-0.52242
1.04967
1.24308
1.11992
1.33412
-0.45101
0.04594
0.01414
0.01994
0.50542
1.54599
0.49595
-0.36357
-0.02777
-0.99222
-1.90339
-0.43782
-0.77265
-0.31417
-1.53065
-0.38613
0.59653
1.42117
0.93145
0.29143
-0.33405
0.05300
-0.00246
0.17457
0.62219
1.34553
-0.30438
-0.61911
-0.42737
0.38659
-0.60559
-0.81101
-0.88860
-1.23837
-1.06361
0.73349
1.41035
0.50267
0.02095
0.26666
-0.06190
0.00302
0.00175
0.16602
0.46508
0.57437
0.72423
0.34980
-0.29303
-0.94461
0.00439
-0.92321
-1.15061
0.12448
-0.72557
0.69826
1.25383
1.23686
1.14434
0.80642
-0.08620
-0.03581
-0.00493
0.09387
0.15594
-0.34087
0.09304
0.51541
-0.31878
-0.39575
-0.10967
-0.17775
-0.72188
0.30889
-0.54409
0.17987
0.37552
0.50505
-0.00787
-0.60501
-0.46237
-0.07959
-0.00390
0.06079
-0.10847
-0.33290
0.03671
0.23121
0.27088
-0.34243
-0.05715
-0.07224
-1.21033
-0.18706
1.03058
1.74816
0.77604
-0.17244
-0.48377
-0.79554
-0.44861
-0.16756
-0.00040
0.00858
-0.00843
-0.22473
0.20490
0.24673
-0.19213
-0.30331
0.43910
0.88204
0.89860
0.63919
0.78972
1.73990
0.74792
-0.09886
-0.26777
-0.41183
-0.15995
-0.05968
0.00030
-0.00106
-0.02181
-0.15018
0.28246
0.12179
0.33500
0.29738
0.31742
0.63466
1.43599
1.08972
0.43507
0.42199
0.02291
-0.19786
-0.14934
-0.01483
-0.01142
0.00917
-0.00001
0.00160
-0.01300
-0.07384
0.35968
0.46224
0.31640
-0.02989
-0.10108
0.11925
0.03816
-0.00720
0.03208
-0.00475
-0.00367
0.00776
0.00548
0.00415
0.00132
-0.00006
-0.00000
-0.00013
0.00092
-0.00112
0.13056
0.21513
0.09247
-0.02756
-0.00114
-0.01078
-0.00757
0.00201
0.00966
0.00382
0.00002
0.00084
0.00051
0.00007
-0.00001
-0.00000
0.77805
-0.00000
-0.00000
0.00002
-0.00015
-0.00076
-0.00409
-0.02709
-0.00968
0.00412
0.01622
0.00374
0.00145
0.00443
-0.00029
-0.01014
-0.00512
0.00036
-0.00000
-0.00000
-0.00000
-0.00000
0.00003
-0.00031
0.00030
-0.00676
0.00491
-0.03448
-0.05192
-0.04457
-0.17726
-0.04568
-0.02660
-0.05440
0.00328
0.11373
0.05440
-0.00311
0.00512
-0.00064
-0.00070
-0.00000
-0.00041
0.00250
0.02929
0.06920
-0.15333
-0.35648
-0.19304
-0.36196
-0.12380
0.12292
0.05381
-0.05334
-0.08255
0.17066
0.14316
-0.08848
-0.13920
0.01568
0.01173
0.00005
0.00076
-0.01802
-0.00918
0.12084
-0.61146
-0.49456
-0.56286
-0.76790
-0.59727
0.27685
0.49148
0.16088
0.02173
-0.20434
-0.14657
-0.04554
-0.12126
0.00646
0.00492
0.00054
0.00437
-0.00885
0.00053
0.06895
-0.65942
-0.77339
-0.92932
-0.24992
-0.18000
0.11152
0.76779
0.83345
0.96728
-0.35786
-0.44960
0.13777
0.01958
-0.45804
-0.11675
-0.00807
-0.02709
-0.07425
0.44491
1.04740
0.21092
-0.96144
-0.38864
0.28071
0.53187
0.61667
1.07731
-0.33942
-0.52798
0.25670
-0.59744
-0.30879
-1.21409
-0.83628
-0.14850
-0.01970
-0.19853
-0.25358
-0.15090
0.09347
-1.27576
-0.87517
-0.64769
-0.78740
0.72880
1.70575
0.90510
-0.68034
-0.91683
-0.12293
-1.44462
-1.25322
-0.94267
-0.40173
-0.00129
-0.01549
-0.12599
-0.07579
-0.81539
-0.61151
-1.31286
-0.75021
-0.57353
-0.09943
-0.11529
-0.11753
0.38540
-0.02277
-0.29132
-0.11444
-0.50654
-0.79964
-0.06624
-0.21896
-0.07921
-0.00852
0.00030
0.11582
-0.05690
-0.35198
-0.50764
0.16882
0.19026
-1.11032
-1.44707
-1.34750
0.18613
0.28058
-0.27205
-0.69722
-0.80146
-0.14923
-0.02373
-0.16551
0.01358
-0.00032
-0.13654
0.04615
0.43017
-0.79507
0.37378
0.47345
0.46343
-0.44792
0.52072
1.25340
1.16760
0.20417
-0.32236
-0.35423
-0.86469
-0.27958
-0.20490
-0.39038
-0.02512
0.01833
-0.73505
-0.21900
0.94177
-0.95696
0.32051
0.91389
1.79494
0.75176
-0.40247
-0.00935
0.38206
0.64467
1.08210
-0.38243
-0.83917
-0.83028
-0.63625
0.21745
0.08165
-0.01620
-0.51050
-0.34205
0.03457
-0.73044
-0.47858
0.62195
0.91321
0.44091
-0.64055
1.04912
0.03353
0.19695
0.90428
-0.89082
-1.84690
-1.69088
-0.56783
-0.31927
0.01886
0.00621
-0.35060
-0.82324
-0.95023
-0.59647
-0.59443
0.28035
-0.42476
0.24542
-0.10046
0.77993
0.26341
0.42043
0.87485
-0.09948
-0.65802
0.21105
0.43641
-0.59783
-0.14749
0.00007
-0.26514
-0.81059
-0.54162
0.40474
1.16554
0.68504
-0.70503
-1.90304
-0.76549
0.85681
-0.78318
-0.59252
0.49950
0.72874
-0.32567
-0.08608
1.25139
-0.21830
-0.17032
0.00118
-0.19302
-0.85822
-0.52612
0.44235
1.62510
0.47936
-0.29392
-1.66979
-0.44715
-0.13364
-0.03665
0.16714
0.30584
0.26677
-0.71867
-0.22167
1.04314
-0.29361
-0.13631
0.01330
-0.16356
-0.81882
-0.64883
0.35506
0.84429
0.54815
0.65555
-0.40545
-0.36427
-0.54739
0.35482
0.34188
-0.29158
-0.46935
-0.23100
-0.10397
0.32605
-0.34153
-0.31309
0.00067
0.01437
-0.37472
-0.38030
0.35578
0.61737
-0.02483
0.27841
-0.14931
-1.06968
-1.15176
-0.23120
0.77627
0.46682
0.66337
0.84663
0.64094
0.39668
0.04842
-0.06581
-0.00328
0.03710
0.03753
0.22593
0.20730
0.79005
0.38924
-0.08755
-0.29315
-0.91053
-0.85055
-0.10860
0.59665
0.73105
0.65380
0.43792
0.24713
0.02412
0.02731
0.00593
0.00011
-0.00448
0.02335
0.14563
-0.00860
0.20824
0.35435
0.39333
0.27481
-0.00258
0.02709
0.48038
0.34260
0.25293
0.10626
0.01149
-0.00508
-0.00493
-0.00142
0.00011
-0.00000
0.00025
0.00013
-0.01822
-0.22551
-0.17467
0.03478
0.00364
0.00369
0.02148
0.07468
0.13588
0.08499
0.00240
-0.00439
0.00003
-0.00063
0.00009
-0.00000
-0.00000
-0.53688
0.00000
0.00000
0.00004
-0.00034
-0.00043
0.00172
-0.01435
0.00159
0.00545
0.02112
0.00512
-0.00053
0.00021
0.00199
0.00238
0.00042
-0.00003
-0.00000
0.00000
0.00000
0.00000
0.00002
-0.00060
0.00277
0.00520
0.00484
-0.02287
-0.01222
-0.02146
-0.16949
-0.02971
0.01347
0.01106
-0.01531
-0.02492
-0.00019
0.00423
0.00224
-0.00017
-0.00010
-0.00000
-0.00011
0.00081
0.00508
-0.00191
-0.03792
0.02307
-0.34716
-0.76818
-0.59413
-0.07437
-0.07788
-0.11642
-0.09025
-0.06944
-0.04118
-0.02137
-0.00464
0.00324
0.00166
-0.00003
-0.00160
0.00939
0.09484
0.09112
-0.09935
-0.22343
-0.58396
-0.73000
-0.29844
-0.09471
-0.82513
-0.81582
-0.36557
-0.11433
-0.28448
-0.30922
-0.29556
0.00257
0.00157
-0.00012
-0.00372
-0.00398
0.41784
0.51081
-0.51960
-0.75151
-0.61470
-0.23048
0.70005
0.84076
-0.87295
-1.94726
-1.19587
-0.58807
-0.55972
-0.57011
-0.29301
-0.10505
-0.02841
0.00618
0.02324
-0.03251
0.43156
-0.03576
-1.50624
-1.07036
-0.37948
0.67666
0.73469
0.77666
0.49377
-0.51983
-2.15547
-1.18755
-0.13267
-0.59004
-0.57526
-0.08516
-0.06825
0.01334
0.06760
-0.00137
-0.36613
-0.23191
-0.33911
-0.73253
-0.64498
0.52353
0.65948
0.69303
1.46442
1.34718
-0.57631
-0.70623
-0.41167
-0.42831
0.30833
0.01057
-0.04764
0.00074
0.10669
0.02860
-0.61410
-0.37478
-0.15116
-1.31400
-1.60617
0.81090
1.86205
1.00660
0.74070
-0.49898
0.77848
-0.63346
0.33272
-0.68342
0.92609
-0.28781
-0.03291
0.00954
-0.06514
-0.54571
-0.90848
-1.08824
-0.61722
-0.71130
-0.33228
0.34252
-0.32929
0.08848
0.90547
-0.25145
0.25452
-0.38917
0.37487
-0.21026
0.15026
-0.52751
-0.01386
0.01932
-0.14661
-1.16110
-0.98464
-0.00041
-0.41385
-0.88105
-0.84762
0.81620
0.58199
0.45963
0.95942
0.91495
0.74621
-0.13225
-0.64300
0.16172
-0.41736
-0.59387
-0.00138
-0.03879
0.57813
-0.06022
-0.72131
-0.68314
-0.41516
-0.20417
-0.15480
0.25729
2.23029
1.31277
1.15780
0.73952
0.50770
0.34048
0.15273
-0.18156
-1.19606
-0.26239
-0.23384
-0.04924
0.64193
1.50833
0.51847
-0.53274
-1.40892
0.23845
0.37493
-0.56096
0.25320
-0.12825
0.22514
-0.71843
-0.10144
1.00902
-0.20460
0.18107
-1.34052
-0.37206
-0.11285
-0.02780
0.40341
0.68023
-0.98566
-0.38432
-1.33383
-1.81441
0.08989
0.01966
-0.34808
-0.11364
0.30232
-0.73151
-0.18699
0.23056
-0.23550
1.82943
0.68354
-0.46442
-0.05053
-0.01895
0.30243
1.33914
0.19147
1.15523
0.49840
-0.81162
-0.26198
-0.96100
-0.37295
0.16821
0.16232
-1.20336
0.08571
0.99562
-0.05359
0.64182
0.63830
-0.12590
-0.02504
0.02777
0.26287
1.44516
0.95986
-0.35542
-0.76552
-1.18856
-1.57792
-0.96444
0.88125
1.16715
-0.92601
-0.11026
0.76584
-0.86234
-0.95738
-0.04957
-0.31725
-0.03443
-0.04645
0.00724
0.08468
0.39642
0.25322
-0.95560
-0.18185
-0.84480
-1.66251
-0.19809
0.10935
0.27690
-0.32917
-0.68794
-1.22401
-1.34344
-1.06100
-0.71097
-0.71867
-0.19375
-0.23978
-0.00199
-0.00363
0.26279
0.45877
-0.38653
0.07166
-1.15543
-1.51913
-0.57333
-0.16296
-0.31521
-0.27935
-0.99100
-0.90799
-0.18536
-0.16756
0.03211
0.00740
0.00481
-0.06428
0.00007
0.00288
-0.10439
0.00576
-0.03179
-0.25701
-1.00114
-0.67073
-0.31337
0.33050
-0.27516
-0.89257
-0.59898
-0.29511
-0.01934
-0.06924
0.04154
0.02165
0.01230
0.00582
0.00000
0.00327
-0.02804
-0.11295
-0.25586
-0.29472
-0.38054
-0.16920
-0.19166
-0.04298
-0.27587
-1.01501
-0.53008
-0.18117
-0.02778
0.01801
-0.00130
-0.00015
-0.00062
0.00014
-0.00000
-0.00027
0.00275
-0.00290
0.14899
0.04388
-0.09094
-0.00618
0.00015
0.00195
-0.08008
-0.21569
-0.20137
0.01527
0.00639
0.00150
-0.00020
0.00000
0.00000
0.00000
-0.01638
0.00000
0.00000
0.00002
-0.00005
-0.00126
-0.00888
-0.00901
-0.00225
0.00014
-0.00108
-0.00031
0.00060
0.00034
-0.00080
0.00009
0.00010
0.00002
0.00000
-0.00000
0.00000
0.00000
0.00000
-0.00019
0.00184
0.00041
-0.01698
-0.00988
0.00517
0.00551
0.00561
0.00086
-0.00233
0.00004
0.01992
0.01080
0.00065
-0.00064
0.00017
0.00012
-0.00006
0.00000
-0.00000
-0.00019
0.00071
0.00444
0.02556
-0.20281
-0.16737
-0.13212
0.24236
0.24353
0.05163
-0.07249
-0.23188
-0.31459
-0.05157
0.02691
0.00912
-0.00085
0.00314
0.00001
0.00002
-0.00022
-0.01371
-0.02940
0.02636
0.05346
0.18575
-0.07704
0.03610
-0.04906
-0.03989
-0.12004
-0.38781
-0.31858
-0.05784
0.04785
0.03694
-0.01032
-0.01874
0.00004
-0.00177
0.04057
0.07118
0.21612
0.17375
0.48397
1.10703
0.78624
-0.53247
-1.51525
-0.02573
0.32736
0.77878
0.38276
0.18210
0.32234
0.12219
-0.01430
-0.05516
-0.00238
0.01603
0.10510
0.33533
0.76943
0.66390
-0.32639
1.19978
0.22527
-0.96493
-1.35963
-1.08929
-1.50381
0.01347
0.43598
0.80417
0.39066
0.03003
0.15860
0.04281
-0.00326
-0.00262
0.16049
0.20109
-0.02513
-0.41063
1.23329
1.58595
-1.10247
-1.61642
-0.81224
-0.34246
-1.07600
-0.39733
0.12347
0.53586
0.53657
0.26666
0.56351
0.07681
-0.00399
0.02389
0.30398
-0.27486
-1.00541
0.57258
1.65115
0.41154
-1.01207
-1.52670
-0.71844
-0.16094
0.82905
-0.78439
0.58186
0.28854
0.36540
0.90789
1.12347
-0.04647
-0.00157
0.01674
0.42735
0.42811
-0.18625
1.15825
1.63968
1.16821
-0.25238
-1.28539
-2.48091
-1.59767
-0.18442
-0.99852
-0.04264
0.19785
-0.51824
-0.23395
1.31351
0.04661
0.00703
-0.08452
0.17425
0.44539
1.11829
2.07708
2.19139
-0.03300
-0.69700
-1.19457
-0.72272
0.10868
0.04307
-0.99066
0.14177
0.10454
-0.40640
0.78374
1.50930
0.23685
0.00812
-0.06911
-0.11096
-0.44533
1.08146
2.70636
2.52027
0.23019
0.29456
0.61815
0.62834
-0.32251
-0.48542
-1.00446
0.14579
0.52045
0.55458
0.71769
1.15775
0.87644
0.00744
-0.07881
-0.00728
-0.54138
0.20367
2.13168
0.54012
0.20228
-0.36222
-0.46090
-1.01262
-1.43213
-1.18215
-0.48167
-1.19014
-0.41795
0.31690
1.48790
1.57728
0.48935
0.00267
-0.04552
0.38058
-0.22511
-0.10742
1.06753
0.59906
-0.20716
0.52916
-0.56354
-0.35993
-0.69056
0.12509
-0.36364
-0.70389
0.18285
0.67576
1.36700
1.18889
0.18998
0.00097
-0.01953
-0.21179
0.24485
0.90459
1.85204
0.86108
-0.39185
0.93417
0.15646
0.27051
-0.89846
-0.48946
-0.33951
0.58376
0.29504
0.99505
1.16952
0.12265
0.02251
0.00003
-0.00566
-0.23805
0.15772
0.69600
1.80804
0.57334
-0.05314
1.15218
-0.72859
-0.57163
-0.23116
0.12505
0.03700
0.23096
0.05828
0.18082
0.40327
0.20651
0.02971
-0.00017
0.00670
-0.07218
0.01205
0.15782
0.31302
0.01454
0.38097
0.75260
0.38011
-0.62076
-0.81901
0.09629
0.89077
0.74654
0.77669
0.75691
0.79867
0.29198
0.30009
0.00052
0.00699
0.02233
-0.38954
-0.43533
-0.54964
-0.58918
-0.12945
0.62240
0.30577
-0.17946
-0.43637
-0.39743
0.25221
0.38175
0.38140
0.22975
0.45231
-0.00356
0.08180
0.00044
-0.00761
0.14292
0.00245
-0.43373
-0.25870
-0.13731
0.01781
0.45693
-0.07467
0.18215
0.02202
-0.19054
-0.36343
-0.01572
0.04550
-0.15074
-0.04480
-0.01253
-0.00721
-0.00002
-0.00031
0.00154
0.01375
0.03406
0.09062
-0.00865
-0.01016
0.12011
-0.02301
-0.06821
0.00267
0.03307
0.03331
0.04470
0.00074
0.00347
-0.00425
0.00081
-0.00021
-0.00000
0.00003
-0.00017
-0.00735
0.09520
0.10511
0.03385
-0.00084
-0.00979
0.00597
0.01180
0.00559
-0.00131
0.00039
-0.00464
-0.00018
0.00014
-0.00001
-0.00000
-0.00000
0.24759
-0.00000
-0.00000
-0.00001
0.00010
0.00055
-0.00005
0.04304
0.02151
-0.00101
-0.00214
-0.00051
-0.00027
-0.00080
-0.00023
-0.00129
-0.00168
-0.00037
0.00004
0.00000
-0.00000
-0.00000
0.00001
-0.00007
-0.00048
0.00413
-0.01405
0.04141
0.01850
0.00596
0.02344
-0.00335
0.00271
0.01792
0.01256
0.01834
0.02170
0.00206
-0.00406
-0.00044
-0.00014
-0.00000
-0.00013
0.00081
0.00448
0.01609
0.35701
0.61080
0.51882
0.48684
0.41447
0.24276
-0.17720
-0.49502
-0.27559
0.09521
-0.00219
-0.00332
0.04231
-0.00923
0.00190
-0.00000
0.00008
0.01214
-0.11025
-0.36108
0.34492
0.85151
0.47159
-0.22410
0.10302
0.30611
0.07266
-0.05360
-0.44612
-0.20319
0.05418
0.18013
0.17227
0.12863
0.00455
-0.00000
0.00155
0.02200
-0.36503
-0.64985
0.28287
0.15574
0.07391
-0.36200
-0.03425
0.48142
0.42390
-0.36974
-0.89682
-0.10203
0.23147
0.08583
0.19128
0.32324
-0.00298
-0.00000
0.00114
0.02676
-0.42911
-0.23084
-0.18033
-0.24717
0.76824
1.29079
0.91076
-0.29310
0.05880
-0.43871
-2.03825
-0.56468
-0.00303
0.65373
0.86393
0.48118
0.02121
0.00019
0.00612
-0.03050
-0.42975
0.21204
-0.04745
-0.30099
0.17656
0.72965
0.28567
0.18330
0.72914
0.14172
-2.21286
-1.33786
0.74652
1.53391
0.71783
0.80413
0.05632
0.00035
-0.04546
-0.24185
0.02561
0.49282
-0.22412
0.48633
0.04793
-0.04202
0.70647
0.55619
0.79903
-0.42697
-1.40737
-2.23740
-1.09765
-0.08830
0.33325
0.72818
0.05301
-0.00402
-0.04530
-0.23510
0.02434
-0.03651
-0.37764
0.04839
0.08430
-0.06032
0.32426
0.34282
0.25707
0.03753
-0.60030
-2.24644
-0.72635
-0.44090
0.22217
0.58809
0.05450
0.00414
-0.06707
-0.46223
-0.28426
-0.29267
0.45232
-0.17917
-0.52260
-0.06154
0.17460
-0.38312
-0.09142
0.87659
-0.16577
-1.33817
-0.51082
-0.55366
0.65219
0.68396
0.04441
0.01299
-0.32668
-0.54588
-0.79004
-0.38324
0.84802
-0.00643
-0.34731
-0.01048
0.00619
-0.46411
-0.23055
0.01681
-0.69668
0.03059
-0.14744
-0.14018
0.42665
0.68936
-0.01352
-0.01803
-0.09449
-0.43361
-1.41004
-0.44273
0.33729
0.69199
0.60933
-0.42285
-0.07750
-0.23460
0.54295
1.03832
-0.12150
0.27458
-1.04224
-0.16630
-0.19367
0.57043
-0.01690
0.00674
-0.12044
-0.31849
-0.63999
0.19747
1.02243
0.24842
0.59978
1.10556
1.29765
0.02703
1.24838
0.39218
-1.05308
-0.66137
-0.41008
0.15561
-0.33145
0.11586
0.00885
0.00224
-0.01590
-0.28516
-0.71406
-0.47392
0.99207
0.08264
0.22085
0.73739
1.03798
0.01014
0.79557
0.27903
0.36215
-0.12499
-0.21888
-0.67559
-0.71930
-0.02813
0.03521
0.00268
-0.02554
-0.25087
-0.06469
0.20393
0.19096
0.21008
-0.12952
-0.50187
-0.06430
-0.63957
-0.65517
-0.59367
0.77422
0.16769
0.10188
0.00003
-0.04648
0.12266
0.03821
0.00272
-0.03745
-0.10481
0.54195
0.45180
-0.21412
-0.33774
-0.32764
0.14495
0.51781
0.42234
-0.44721
-1.42553
-0.94324
-0.80984
0.06308
0.07035
0.39268
0.20336
0.08600
0.00064
-0.00866
-0.07098
0.06766
0.64562
0.78730
-0.08209
-0.04466
0.24329
-0.19950
-0.77369
-1.03892
-1.63500
-1.52897
-0.69315
-0.28273
-0.56104
0.04161
0.12262
0.03696
-0.00012
0.00205
-0.00723
-0.01426
0.91306
1.05294
-0.04961
-0.07728
-0.17087
-1.00585
-1.22997
-1.51624
-1.04494
-0.53427
-0.14181
-0.02933
-0.05856
-0.02635
0.02195
-0.00209
0.00000
0.00005
-0.00029
0.00406
-0.02762
0.02295
-0.10256
0.02528
-0.40761
-1.11798
-0.35188
-0.72103
-0.40640
0.01934
0.00273
-0.00273
0.01121
0.00234
-0.00214
-0.00025
0.00000
-0.00001
-0.00053
0.01504
-0.15189
-0.18631
-0.08141
0.02959
-0.10576
-0.13075
-0.03081
-0.12696
-0.17139
-0.01877
0.00266
0.00069
-0.00054
-0.00018
0.00002
-0.00000
1.53888
-0.00000
-0.00000
0.00003
-0.00024
-0.00070
-0.00202
0.00272
0.00438
0.00240
0.01803
0.00554
-0.00070
0.00178
-0.00547
0.00023
0.00506
-0.00025
0.00000
-0.00000
-0.00000
0.00000
0.00001
-0.00049
0.00355
0.00599
0.02062
0.03368
0.01442
0.01331
-0.00732
0.02202
0.00623
-0.00158
0.08881
0.01130
-0.05262
-0.00001
0.01250
0.00228
-0.00036
0.00000
-0.00005
0.00096
-0.00435
-0.02807
-0.29833
-0.78191
-0.31950
0.02887
0.07326
0.21368
-0.01953
-0.54795
-0.63634
-0.52978
-0.44678
-0.14173
-0.27375
-0.01397
0.00427
-0.00002
-0.00022
0.01325
-0.04754
-0.12387
-1.00219
-1.01284
0.16509
1.28372
1.58143
0.67969
-0.27962
-0.69486
-1.07258
-0.90495
-0.13576
0.34947
-0.35376
-0.11638
0.01015
-0.00016
-0.00040
0.02262
0.00513
-0.05183
-0.56645
-0.13091
1.23123
2.42390
1.70232
-0.20284
-1.32612
-0.87643
0.45786
-0.01677
-0.23516
-0.03325
-0.23030
-0.15142
0.02411
0.00153
0.00619
0.11965
-0.43029
-0.73374
-0.69825
0.71674
1.98174
3.43707
1.29259
-0.83052
-1.43189
-0.90431
-0.49389
0.67947
-0.34861
-0.38650
-1.49427
-0.36383
-0.03009
-0.00437
0.14059
0.09021
-0.81651
-0.55357
-0.73661
0.57163
1.21702
2.20490
0.50074
-0.66701
0.21934
0.46040
0.49828
-1.04862
-1.33242
0.72680
-0.35111
-0.44037
-0.08746
-0.00466
0.11733
-0.36198
-0.90840
-1.54497
-1.39503
0.02142
1.14971
2.01685
0.68824
-1.15477
0.09395
0.96275
0.66582
-0.59468
-0.14243
-0.15809
0.46645
-0.79457
-0.10485
0.00435
-0.03706
-1.00396
-0.03819
-0.18494
-1.01176
2.09552
2.13166
-0.53273
0.10419
0.49325
0.13998
0.62981
0.20068
-0.50615
0.75817
-0.12519
0.00824
-1.05390
-0.00484
0.01309
-0.09967
-0.93046
-0.94262
0.14771
-1.36531
-1.22552
1.54378
0.76867
0.74879
0.60137
0.83686
0.84513
-0.48537
-1.66024
0.32556
-0.74700
-0.67409
-0.57136
0.13038
-0.01499
0.20368
-0.15503
-1.68492
-0.97526
-0.85813
-0.48506
0.82013
0.25641
2.23527
1.28967
0.81226
0.95729
0.78276
-1.11131
0.93084
-0.35502
-0.18643
0.31164
0.03816
-0.05663
0.25778
0.43389
-0.75727
-0.82637
-0.71206
-0.61053
-1.01709
-0.39423
0.33289
0.95357
-0.37488
-0.15476
-0.10604
-0.47665
0.16511
-0.39233
1.20695
0.31308
-0.05600
-0.03330
0.31581
-0.19748
-0.27949
0.14121
-1.21093
-1.01468
-0.68015
-0.05178
-0.34493
0.87034
0.56539
-0.22171
-0.22798
0.25398
-0.04622
0.66589
0.81133
-0.01341
-0.08943
-0.02696
0.45057
0.18217
-0.30194
-0.08794
-0.68487
-0.25725
-0.12318
-0.03506
1.03669
1.02721
-0.03139
-0.71481
1.19120
0.14098
-0.33823
0.18206
0.30599
-0.10120
-0.17070
0.02246
0.41981
0.29564
0.09010
-0.32825
-0.88406
-0.17554
-1.11893
-1.59066
0.53037
0.07127
-0.70648
0.83218
1.31770
-1.03447
-0.80712
0.03358
0.11402
-0.11224
-0.18656
0.00519
0.13794
0.06850
0.64916
0.46305
0.19335
0.02090
-0.92573
-0.13705
0.38215
-0.48394
-0.67551
-0.33017
-0.22984
-1.36739
-1.15274
-0.34764
-0.46306
-0.15607
-0.01631
0.00118
-0.02952
-0.07136
0.28435
0.39546
0.51355
0.80168
0.18793
0.60823
0.02052
-0.30724
0.37173
0.07216
-0.29416
0.51189
0.52862
-0.09798
-0.18436
-0.03379
0.01577
0.00311
-0.03618
-0.04496
0.06777
0.55352
1.06059
1.25742
0.26386
0.49327
0.22898
-0.23214
-0.75312
-0.27425
-0.33655
0.51374
0.35942
0.12330
0.01200
0.01456
-0.00053
-0.00012
0.00120
0.00446
-0.01109
0.10227
0.44898
0.55261
0.08292
-0.04294
0.01106
-0.06706
-0.60202
-0.21778
-0.24633
-0.05383
-0.00920
-0.00622
-0.00114
-0.00044
-0.00010
0.00000
0.00001
-0.00015
-0.00113
0.01282
0.01919
0.06436
0.00215
0.00242
0.00369
-0.06571
-0.10244
-0.01653
0.02556
-0.00614
-0.00230
-0.00367
-0.00092
0.00011
-0.00000
0.69073
-0.00000
0.00000
-0.00002
0.00003
0.00184
0.01469
0.00690
0.00217
0.00254
0.00062
-0.00020
-0.00030
-0.00033
-0.01094
-0.01219
0.00005
-0.00034
0.00002
0.00000
0.00000
0.00000
0.00003
0.00001
-0.00341
0.00036
0.02298
0.02505
0.02060
0.01352
0.00323
0.00313
0.00724
0.00095
0.11592
0.13090
-0.00040
0.00539
-0.00406
-0.00014
0.00005
-0.00000
-0.00039
0.00204
0.02712
0.02393
-0.06826
-0.01280
0.19529
0.48326
0.12889
-0.03382
0.04254
0.02835
0.29406
0.31763
-0.18496
-0.07396
0.07973
-0.01497
-0.00046
-0.00001
-0.00095
0.01100
0.01399
-0.02683
-0.24021
-0.29359
0.10886
0.27249
0.37276
-0.23863
-0.28908
0.33464
0.37720
0.52452
0.15019
0.07215
0.20285
0.12565
-0.00494
-0.00000
-0.00100
0.00620
0.05706
0.57123
0.79643
-0.09465
0.06148
-0.11068
-0.22620
-0.89529
-0.78210
-0.45607
0.16686
0.58402
-0.44122
-0.47188
0.02713
0.39567
0.00471
0.00131
-0.01541
0.11085
0.31876
0.99271
0.50701
0.09656
-0.07404
-0.05024
1.07936
-0.11216
-1.49787
-0.59161
0.43697
0.30319
-0.82553
-0.24849
0.78153
0.66187
0.02652
-0.01095
0.13200
0.21033
0.18848
0.34615
0.42804
0.76598
0.64001
0.62362
0.89769
0.87390
-0.24623
-0.88922
0.43333
0.43173
-0.14522
-0.16854
1.30816
0.78406
0.00021
-0.00412
0.05164
-0.04764
0.31047
-0.08869
-0.56199
-0.26443
0.52612
0.47389
0.17493
1.42602
0.13686
-0.55847
-0.58384
-1.13741
-0.22707
-0.51456
1.13636
0.85706
0.00098
-0.00533
0.07953
0.41892
-0.14188
0.60848
0.16614
0.87791
-0.09376
-0.14492
1.50456
0.93529
-0.30681
0.18489
-0.98515
-1.55904
-0.58369
-0.31226
1.03400
0.37328
0.04257
-0.01181
0.17569
0.43626
-0.49816
1.12935
0.85636
0.67789
1.44305
1.35246
1.44592
0.00454
0.80376
0.45034
-0.62020
-0.47657
0.18651
-0.34643
0.25168
0.06460
0.08840
-0.00287
0.17463
-0.40394
-1.44798
-0.69863
-0.20056
-0.67048
0.70700
1.23891
1.31779
0.79188
0.36107
0.24164
0.51936
0.71410
1.05885
0.80313
0.35763
0.71227
0.10465
0.01000
-0.05324
-0.43135
-1.71767
-1.89366
-0.66303
-0.62493
-0.16005
0.86646
1.63917
1.68049
1.08466
1.83859
0.09158
0.36184
0.66432
0.40835
0.45047
0.94938
0.05708
-0.00404
0.12232
0.19842
0.16022
-0.51474
-1.13278
-1.53029
-1.44184
0.38022
-0.12676
0.92760
1.32279
-0.34868
-1.23377
-0.47988
0.20822
-0.90104
0.48100
0.48347
0.06062
-0.00593
0.22160
0.64156
0.36089
-0.59665
-0.55717
-1.76931
-1.24583
-0.66626
-0.53805
0.09578
-0.48448
-0.62533
0.00034
0.31015
0.04370
0.01912
0.29159
-0.04433
0.02697
-0.01375
0.21630
0.38763
-0.39288
-1.04229
-0.85226
0.61514
0.41238
-0.45979
0.74363
0.06343
-0.57665
-0.42302
-0.29084
0.89247
-0.31750
0.18359
0.30821
-0.10236
-0.02306
-0.01177
0.15641
0.05516
-0.24028
-0.72861
-1.09486
-0.20523
-0.86754
0.31733
0.91176
0.46441
0.37798
-0.88496
-0.86422
0.42851
-0.52587
-0.57293
-0.32442
-0.04502
0.02390
0.00070
-0.00445
-0.07820
-0.30079
-0.00914
0.36313
0.15897
-0.89021
0.02016
0.85470
0.26187
0.30235
-0.94222
-0.13924
0.34620
-0.14782
-0.68138
-0.54490
0.02100
0.02500
0.00188
-0.02299
-0.00582
-0.00873
0.60667
1.18941
1.16513
0.03428
0.06861
0.63110
0.41187
0.12492
-0.25469
0.25844
0.07524
-0.06951
-0.03510
-0.02566
0.01489
0.00300
-0.00007
-0.00023
0.00496
0.06565
0.34350
0.46757
0.50696
0.13359
0.00763
0.20352
0.11894
-0.08426
-0.11902
-0.09472
-0.12315
-0.02498
0.00341
0.00631
-0.00099
-0.00049
0.00000
0.00009
-0.00106
-0.00289
0.05288
0.01864
0.00589
-0.00097
0.00349
-0.02266
-0.01732
0.00144
0.00428
0.00423
-0.00735
-0.00310
-0.00176
-0.00055
0.00006
0.00000
0.30201
-0.00000
-0.00000
0.00001
-0.00034
0.00338
0.03150
-0.01036
-0.00857
-0.00062
-0.00525
-0.00157
-0.00000
-0.00098
-0.00106
-0.00061
0.00006
-0.00022
-0.00003
0.00000
-0.00000
0.00000
-0.00001
0.00026
-0.00141
0.00456
0.04842
-0.02872
-0.03017
0.00184
0.02002
0.00175
-0.01294
-0.01878
-0.02193
-0.01911
-0.01353
-0.00252
0.00068
-0.00003
-0.00003
0.00000
0.00022
-0.00485
0.01770
0.06192
0.01395
0.07879
-0.03203
-0.14907
0.16718
0.35859
0.70965
0.90923
0.83365
0.62079
0.22834
0.09302
0.07463
0.00803
-0.00017
-0.00000
-0.00025
-0.01277
0.13752
0.20241
0.43265
0.30596
-0.14312
-0.39091
-0.62047
-0.54846
0.30854
0.40855
0.93330
1.24803
0.72032
-0.02488
-0.34838
-0.07136
0.00722
-0.00004
-0.00570
0.00197
0.57599
1.05643
0.80785
0.54765
-0.43415
-0.91507
-1.55002
-0.85338
0.01950
0.02346
0.14458
0.14716
0.75087
-0.06954
-0.72586
-0.20395
0.01081
0.00051
-0.00128
0.03351
0.57190
0.85006
0.57105
-0.20456
-0.96042
-1.31557
-1.52701
0.18678
-0.89169
-1.49135
1.47682
1.01677
0.84848
-0.16539
-1.08124
-0.44192
-0.03024
-0.00172
0.06963
0.09242
-0.22712
-0.53965
-0.54957
-0.35626
-0.29713
-1.40105
-1.02251
0.13198
-0.15196
-0.82361
1.07673
1.05240
0.99041
-0.12238
-1.44925
-0.68635
-0.02669
-0.00231
0.08626
0.60661
0.33783
0.13327
0.24466
0.16801
-1.21719
-1.83133
-1.38941
-1.13627
-0.14831
1.01670
0.99423
0.74564
1.61954
0.42131
-0.73464
-0.53986
0.00690
-0.00353
0.10437
1.00493
0.47716
0.45638
0.69041
-0.10826
-0.47381
-0.60115
-0.86823
-1.21909
-0.14347
0.70370
0.10344
1.34217
0.91719
-1.07690
-0.57482
-0.24446
-0.02713
-0.02181
0.27113
1.94157
0.42320
-0.72850
-1.11535
-0.03704
-0.43982
-1.30306
0.41797
0.35642
1.59536
0.58137
0.23093
1.77405
0.23981
-1.00585
0.66208
-0.20392
-0.01157
-0.00933
0.32309
1.38267
-1.12064
-1.15837
0.61569
0.50513
0.36580
-0.35259
0.26028
0.90135
1.63417
0.07300
0.78767
1.22135
0.09961
-0.08844
0.33396
-0.55115
0.05569
0.04893
-0.17455
0.89762
0.40198
0.43012
0.08488
-1.28839
-0.34979
0.00207
-0.36013
-1.12964
-0.46227
-0.39502
-0.78926
-0.27914
-0.03579
0.34167
0.21029
-0.26553
0.01609
-0.01572
0.28568
0.10796
0.50230
-0.26294
-1.88558
-1.57837
-1.16685
0.23995
0.60936
0.06203
0.03962
-0.86936
0.76700
0.39317
0.42179
0.07348
0.58157
-0.00182
0.00535
-0.00878
0.11741
0.17279
0.87850
1.50876
-1.51148
-1.14153
-0.89687
-0.02415
0.09673
-0.68205
0.35768
0.66010
-0.11203
0.96324
1.77375
0.25055
0.15702
-0.07719
0.02437
-0.00753
0.07936
0.78512
0.34443
-0.72179
-1.47210
-0.64137
-0.19236
-1.38513
-0.35567
1.56675
0.90644
0.60273
-0.66068
0.70895
0.25204
-0.21311
0.10687
-0.02620
0.04886
-0.00586
0.07083
0.08060
-0.26305
-0.95317
-0.17711
-0.27764
-0.65927
-0.18745
0.15425
0.70030
0.78779
0.34430
0.11727
0.07258
-1.32232
-0.60238
0.12253
0.12961
0.02304
-0.00128
0.01146
0.05518
0.20994
-0.53588
-0.62964
-0.62045
-0.94753
-0.79574
-0.23225
0.38053
0.60580
0.41641
1.19682
0.21082
-0.18599
0.11375
0.00933
0.02904
0.00469
0.00004
0.00400
-0.09045
-0.06157
0.04009
-0.55512
-0.79147
0.00561
-0.16170
0.25214
1.20628
1.06620
0.16585
0.33375
0.20307
0.10468
-0.03943
-0.05291
-0.00697
-0.00011
0.00000
0.00001
-0.01136
0.08469
0.35873
-0.27307
-0.11318
0.17489
0.36117
0.65894
0.70212
1.57595
1.18908
0.11869
0.02669
0.05263
0.01217
0.00144
0.00013
-0.00003
-0.00000
-0.00001
-0.00023
0.00359
-0.01617
0.02575
0.09479
0.00468
0.04218
0.05200
0.07644
0.28085
0.34286
0.03519
-0.00484
-0.00352
0.00152
0.00081
-0.00008
-0.00000
1.06626
0.00000
0.00000
0.00000
-0.00032
0.00372
0.03076
0.02218
0.01192
0.00252
-0.00307
-0.00120
-0.00108
-0.00390
0.00423
0.00544
-0.00102
-0.00003
-0.00000
0.00000
-0.00000
0.00000
0.00001
0.00082
-0.00833
-0.01395
0.02282
0.00714
0.00393
0.01409
0.03983
0.00746
0.01481
0.03781
-0.05036
-0.06818
0.01707
0.00383
-0.01759
-0.00288
0.00044
-0.00000
-0.00006
-0.01141
0.11203
0.39235
0.44503
0.65747
0.59033
0.78023
-0.07056
-0.36500
-0.19995
0.02069
0.19563
0.41266
0.14799
0.05692
0.41269
0.01873
-0.00659
0.00005
-0.00017
-0.05445
0.40045
0.88761
0.89631
0.96250
0.49439
-0.26858
-0.76272
-0.41806
-0.25761
0.44599
0.20571
0.32298
-0.53884
-0.25198
0.49744
0.15103
-0.00649
0.00045
-0.00096
-0.09693
0.38393
1.22699
1.23087
0.81598
-0.29687
-1.99979
-1.84146
-0.40366
-0.47454
-0.31009
-0.06262
0.52304
-0.73368
0.14000
0.59466
0.17011
0.00923
-0.00501
-0.02333
-0.23076
0.35532
1.53684
1.61238
1.19984
0.23313
-1.37057
-1.27215
-0.30935
0.47686
-0.01633
-0.64768
-0.99479
-0.43504
0.84708
1.20200
0.14100
-0.03949
-0.01321
-0.06730
-0.19148
0.57929
0.98278
0.12802
-0.64318
-0.15438
-0.08735
-0.26774
0.20872
-0.49099
0.13118
-0.87007
-1.04329
0.63388
0.78402
0.02191
0.00582
-0.12948
0.00703
-0.22658
0.01233
0.98964
0.76506
0.21459
-0.22622
-0.78681
-1.76341
-1.23228
-1.21228
-1.40210
-2.49414
0.14338
-0.81755
0.08455
0.11462
-1.41256
0.14438
0.18084
0.00182
-0.07698
0.74182
-0.27722
-1.69676
-0.21538
-0.13593
-1.07508
-0.45868
-1.60857
-0.33204
0.43805
-0.83682
-0.28379
-1.57908
-0.11807
-0.65752
-0.11413
1.06960
0.20129
-0.00987
0.04015
0.91310
0.37488
-1.03320
-0.39380
1.32363
-0.46701
-0.64360
-0.20432
-0.55383
0.62949
1.36840
0.83745
0.12208
-0.87694
-2.12690
0.85415
0.60226
0.21693
0.00554
-0.41727
0.35979
0.50105
0.10004
-1.08697
-0.47709
0.62329
1.23261
0.26336
0.40933
0.76445
0.28110
0.45032
2.03546
-0.33668
-1.10402
-0.59392
-0.70386
-0.09237
-0.04611
0.03767
1.00078
0.55336
0.36060
-0.74549
-0.17004
1.66702
0.64904
0.44347
0.17865
-0.36720
-0.00910
0.69651
0.94523
-0.00344
1.48569
-1.72365
-0.45882
0.00732
-0.01225
-0.01859
0.17735
-0.79627
-0.83006
-0.41168
-0.08001
0.61897
0.12945
1.04690
-0.50768
0.14320
0.23811
0.54812
0.21130
0.85019
1.48291
-0.16460
-0.48941
0.11881
-0.00689
-0.05090
0.06917
0.09848
0.57618
1.36258
0.83177
0.03015
-0.10634
-0.85337
-0.01649
1.06085
1.17503
-0.19309
0.18749
-0.25883
-0.13282
-0.53306
-0.36291
0.05835
0.00660
-0.09329
0.23510
-0.29830
0.12352
1.00646
0.97517
0.10921
-0.45191
-0.26494
1.54821
0.92461
0.11223
-0.49361
0.59622
0.52990
0.49131
-0.54945
-0.18853
0.04903
0.01088
-0.12991
0.29683
-0.30067
-0.78310
-0.71498
-0.37180
-0.53905
-1.03588
-0.11320
0.83705
0.58476
0.37651
0.41318
1.04935
0.41014
-0.33772
-0.14392
0.20586
0.14032
-0.00236
0.02227
0.20352
0.18083
-0.15787
-0.95863
-1.47087
-0.71677
-0.44017
0.22417
0.04348
-0.01565
0.14542
-0.62887
-0.59602
-0.39786
-0.28065
-0.27237
0.14852
0.09643
-0.00345
0.03998
0.03144
0.03247
-0.88784
-1.23778
-1.38709
-0.68408
-0.38799
-0.21642
-0.14609
0.38733
0.48211
0.12150
0.01269
0.00829
0.10797
-0.03152
0.00403
0.00419
0.00013
-0.00081
0.00716
-0.15755
-0.38814
-0.29903
-0.44001
-0.08670
0.23251
0.02679
0.20759
0.63526
0.34484
0.07911
0.04025
0.06386
0.01463
0.00292
-0.00161
-0.00123
0.00000
-0.00006
0.00338
-0.02271
-0.06432
-0.03997
0.00581
-0.00352
-0.02225
0.00451
0.06926
0.15840
0.11753
0.00862
-0.00017
-0.00456
-0.00109
0.00029
-0.00001
-0.00000
-1.09287
-0.00000
0.00000
0.00001
-0.00009
0.00021
0.00143
0.01179
0.03218
0.00431
-0.00744
-0.00232
0.00210
0.00365
-0.00541
-0.01016
-0.00033
0.00008
-0.00000
0.00000
0.00000
-0.00000
-0.00001
-0.00010
0.00156
0.00197
-0.00249
0.07581
0.16526
0.07614
0.12004
0.03492
-0.01477
-0.03027
0.09047
0.13580
0.01329
0.00394
0.00646
0.00017
0.00011
-0.00000
0.00011
0.00063
-0.01684
-0.04759
-0.02882
-0.12922
-0.09238
0.42090
-0.28738
-0.49258
-0.22684
-0.30442
-0.64832
-0.32759
-0.10028
-0.01477
-0.05921
-0.00607
-0.00380
0.00000
-0.00002
0.00121
-0.01315
0.01924
0.45432
-0.10494
0.29679
0.28241
-0.24090
-0.20954
-0.62463
-0.71900
-1.48471
-1.22524
-0.60776
-0.54066
-0.59481
0.02577
0.01230
0.00000
-0.00115
0.01729
0.05932
-0.23204
0.25299
0.15535
0.02640
-0.22442
0.33482
0.29072
-0.81737
-1.37577
-1.10292
-0.56711
0.21542
-0.34151
-0.73349
0.18571
0.11988
-0.00027
0.00101
0.01165
-0.03429
-0.41788
0.17920
0.60617
-0.14857
0.10970
-0.43293
-0.95407
-1.10209
-1.49070
-1.23783
-0.61694
0.32575
0.36215
-0.62990
0.22658
0.21484
0.00002
-0.00083
-0.05166
0.16576
-0.17113
0.02856
0.40993
-0.02807
0.84481
-0.21040
-2.44226
-3.44587
-1.71937
-0.50301
-0.17889
0.43088
0.23789
-0.49860
-0.10037
0.15817
0.00020
-0.00608
-0.16513
0.57984
0.51651
0.44227
0.66045
0.38666
0.15391
-0.75044
-2.20516
-1.63556
-0.67644
0.39519
0.96258
0.57857
0.24965
-0.55963
-0.09982
0.34723
-0.00118
0.00784
-0.27788
0.61490
0.83938
0.97173
0.33495
0.23147
-0.20744
-2.57360
-1.18892
0.94271
1.25238
0.13751
0.95772
0.43876
0.72286
0.48628
0.29345
0.29603
-0.00018
0.00510
-0.29653
0.20852
-0.18875
-0.62830
0.38966
0.21730
-1.98810
-1.64501
0.22032
1.15471
1.81811
1.13260
0.69849
-0.98532
-0.20447
0.64467
0.00419
0.54265
0.00191
-0.01708
-0.43346
0.63128
-0.52088
-0.43203
1.69459
0.03465
-0.84174
-0.31595
-0.65579
-0.47533
0.53669
1.47481
1.35899
0.32089
0.75601
0.27322
-0.35052
0.18198
0.01129
-0.09403
-0.20197
0.49730
-0.08486
-0.49004
0.94191
0.65509
0.85492
-1.30011
-1.92996
-1.47091
-0.13857
-0.12308
0.15286
0.13450
0.91118
-0.56545
0.23188
-0.02309
0.00786
-0.06974
-0.63854
-0.77441
-0.77126
-0.70265
1.04839
1.32778
0.49601
-0.53647
-0.78795
0.14888
0.26708
-0.20931
-0.26807
-0.80152
1.30440
1.11385
0.73429
0.20739
0.00117
-0.00828
-0.53924
-1.19110
-0.92750
0.07868
1.23628
0.20659
-0.28078
-0.55279
-0.44688
-0.14723
-0.82190
-0.94038
-0.42970
-0.30445
0.28991
-0.40616
-0.16284
0.04255
0.00041
0.00302
-0.17751
-0.64915
-0.75966
-0.17027
0.28135
0.97401
0.16609
-0.83916
-0.55979
0.29452
-1.29215
0.05109
0.27305
-0.10158
-0.09783
-0.32664
-0.26670
-0.02358
0.00011
-0.00362
0.00081
0.24836
0.13005
0.15900
0.34338
0.67318
-0.00212
-0.83440
-0.63343
-0.33797
-0.67238
0.58585
-0.25671
-0.49034
-0.17731
-0.13000
-0.16072
-0.00691
-0.00132
0.01179
0.03795
0.28993
0.17546
0.05729
0.59199
-0.00074
-0.39496
-0.27381
-0.35373
-0.52135
-0.06931
0.57663
-0.31790
-0.50214
-0.40403
-0.16456
-0.03223
-0.00030
-0.00114
0.01160
0.02809
0.05630
-0.35835
-0.44651
0.15147
0.11560
-0.16678
-0.40588
-0.37459
-0.18826
0.44278
0.85697
0.18599
0.02748
-0.02841
0.00600
-0.00135
0.00043
0.00005
-0.00063
0.00895
-0.06200
-0.38354
-0.32873
-0.05828
0.04704
0.04616
0.04424
0.11736
0.06108
0.10894
0.11074
0.13935
0.10154
0.02027
-0.00129
0.00015
-0.00000
-0.00000
0.00001
0.00147
-0.00459
-0.20087
-0.15652
-0.00817
-0.00908
0.00086
0.00608
0.00232
-0.00037
0.01040
-0.00179
0.00448
-0.00376
-0.00111
0.00038
-0.00002
-0.00000
-0.81130
-0.00000
-0.00000
0.00001
0.00004
-0.00158
-0.01235
0.01631
0.01995
-0.00013
0.00248
0.00101
0.00204
0.00498
-0.00207
-0.00489
-0.00020
0.00003
0.00000
-0.00000
0.00000
0.00000
0.00001
-0.00022
0.00073
0.00170
-0.02953
0.05483
0.10276
0.05317
0.06509
0.02609
-0.02508
-0.05288
0.04851
0.08099
0.00431
-0.00000
0.00774
0.00227
-0.00072
0.00000
-0.00009
-0.00126
0.00173
-0.01463
0.03177
0.01889
0.00867
-0.10582
0.02232
0.13222
-0.08059
-0.29806
-0.51301
-0.43550
-0.04385
-0.04268
-0.17201
-0.03073
0.00857
-0.00009
-0.00098
0.02535
0.03777
-0.19005
0.04256
-0.19590
-0.82130
-0.51866
0.26618
0.31547
0.39897
0.40649
-0.50517
-1.05116
-0.16878
0.24934
0.03021
0.01251
0.02404
-0.00089
-0.00055
0.07608
0.05960
0.00834
0.58342
-0.06981
-0.42139
0.92295
1.16937
0.83664
1.40760
0.66600
-0.08953
-0.76108
-1.05412
-0.32855
0.36093
0.32776
-0.00249
0.00975
0.05508
0.15638
-0.08148
-0.38428
-0.43018
-0.34826
0.07192
1.25770
1.23841
1.28037
0.51891
0.05233
0.01216
-0.80103
-0.25567
-0.68725
-0.02347
0.37282
0.00570
0.03592
0.13687
0.14831
-0.37907
-0.16474
0.12882
-0.01619
0.36562
1.49086
-0.51044
-0.29265
0.49542
0.12267
0.58549
-1.02817
-0.09824
0.20928
-0.03761
0.13966
0.03942
0.01341
0.19965
0.05963
-0.15187
-0.50464
0.11132
-0.19801
-1.16071
0.09230
0.50805
0.44950
0.25124
0.09846
0.41859
-0.19204
0.06722
-0.51587
-0.06038
0.65422
-0.00144
0.00498
0.01923
-0.18697
-0.65034
-0.40551
-0.06261
-0.57100
-0.60819
-0.48978
0.71185
-0.74859
-1.20585
0.39804
0.80618
1.62821
1.22736
-0.69601
0.04319
1.23426
-0.00495
0.02205
-0.08947
-0.46514
-0.64417
-0.17827
0.60080
0.28222
0.21713
0.62976
1.11005
-0.18217
-1.42342
-0.04954
-0.32015
0.46924
0.85578
-0.17100
-0.99615
1.12300
0.12344
-0.03489
0.62653
0.09020
-0.41131
-0.66936
1.10796
0.42883
0.28446
-0.26818
-0.23573
-0.35789
-0.90111
0.49821
0.22266
-0.29607
0.93086
-0.26089
-0.80272
1.39155
0.07281
-0.03304
0.24316
0.91903
-0.33595
-0.96315
0.46433
0.86692
1.29529
-0.21104
-0.81673
0.21936
0.30995
-0.27733
-0.60399
0.15990
0.40725
-0.78314
-0.62160
0.77702
0.00265
-0.01766
0.34325
0.85119
-1.33834
-0.59133
0.81430
0.14188
0.03316
1.07145
-0.36425
-0.09409
1.24660
-0.63884
-1.20241
-0.23670
-0.50551
-0.69529
-0.10118
0.70255
0.04369
0.00564
0.39298
1.01298
0.09602
-0.46329
-0.00532
0.26063
0.04607
0.47376
-0.16052
-0.22603
0.92601
-0.18741
-0.39703
-0.06022
-0.91069
-0.85009
-0.20604
0.37093
0.02266
0.03198
0.26784
0.82320
1.05148
-0.26521
-0.28681
-0.14820
-0.15724
-0.10043
0.00081
0.74751
0.25035
-0.40762
-0.38246
-0.78489
-0.34907
-0.02318
0.39027
0.36972
0.00133
0.01049
0.05830
0.04974
0.51979
-0.12002
-0.25532
-0.49783
-0.31635
0.84449
-0.15440
0.54299
0.28047
-1.25018
-0.87503
-0.63458
-1.13667
-0.32112
0.24800
0.28211
0.18052
-0.00099
0.00359
-0.04605
0.27451
-0.16588
-0.31766
-0.26270
0.03843
0.42072
-0.36565
0.85309
1.39489
-0.87083
-1.25672
-0.51611
-0.84458
-0.51009
-0.17292
0.03854
0.04372
-0.00022
0.00444
-0.07083
-0.09110
0.37126
0.54998
0.26921
0.79767
0.01540
-0.20151
0.53791
-0.02317
-1.02404
-0.91746
-0.03990
-0.07529
-0.11673
-0.01848
0.00382
-0.00793
0.00001
0.00006
0.00507
-0.05442
-0.03656
-0.19922
0.03794
0.36872
-0.69195
-0.88813
-0.14020
-0.81897
-0.81058
-0.29658
0.01906
0.00910
0.00008
0.00291
-0.00027
0.00017
-0.00000
-0.00001
0.00091
0.00244
-0.17451
-0.11881
0.01294
0.00934
-0.07019
-0.13008
-0.07666
-0.19189
-0.17670
0.01473
0.00022
0.00078
-0.00173
-0.00060
0.00006
0.00000
0.60134
-0.00000
-0.00000
-0.00000
0.00003
0.00012
0.00009
0.00742
0.00110
-0.00224
-0.00854
-0.00249
-0.00001
-0.00161
-0.00209
-0.00219
-0.00157
-0.00137
-0.00012
0.00002
-0.00000
0.00000
-0.00000
0.00023
-0.00197
-0.00552
-0.00668
0.00418
0.01817
0.01496
0.02135
-0.01496
-0.00705
0.00785
0.01543
0.02044
0.00611
0.00623
-0.00513
-0.00122
-0.00011
-0.00000
0.00001
-0.00273
0.02011
0.09298
0.12592
0.47833
0.95507
0.41715
0.18296
0.08206
0.09025
0.12832
0.17035
0.14991
0.15358
0.12408
0.08318
-0.00041
0.00016
-0.00000
-0.00020
-0.00708
0.08129
0.33910
0.61037
0.52244
0.46887
-0.16438
-0.19776
0.06570
0.43643
0.62927
0.38928
0.21583
0.76388
0.59349
0.44583
0.12332
0.01281
-0.00003
0.00262
-0.02050
-0.09819
0.39694
0.89647
0.65074
0.14312
-0.31311
-0.29924
-0.16373
-0.10078
0.33093
-0.05413
-0.09898
0.09672
0.66209
0.67169
0.30708
0.02627
-0.00053
0.01503
-0.16831
-0.40584
0.03794
0.39191
0.83597
0.22019
-0.68431
-0.53260
-0.15433
0.14975
-0.55931
1.37108
1.86028
-0.77776
-0.33926
0.69778
0.10542
0.01028
0.00869
-0.09217
-0.27555
-0.42606
-0.49869
0.26467
0.30539
-0.08515
-0.59920
-0.19029
0.06493
-1.01491
-2.20175
-1.16872
1.03239
0.71554
0.07228
0.07702
0.08177
-0.01564
0.00532
-0.06229
-0.14236
0.28100
-0.22432
0.59967
-0.33734
-0.16211
-0.10527
0.25513
0.90416
-1.27986
-2.31833
-1.48333
1.02069
0.78413
1.19606
0.26609
0.60109
0.08590
-0.00040
-0.00826
-0.16763
0.13284
-0.15097
0.43183
-0.56792
0.46188
0.68166
0.54378
-0.00506
-1.32746
-1.48037
-0.26317
0.84062
1.07243
1.16219
0.46815
0.45613
0.11932
0.00046
-0.01551
-0.02997
-0.10371
-0.18192
0.38953
-0.71911
1.03298
0.50904
0.10223
-0.55145
-1.40995
-2.21385
-0.67263
0.88397
-0.22203
0.34990
0.01165
0.14425
0.08722
0.00607
-0.07565
-0.01940
-0.48154
0.15984
0.47049
-0.11205
2.03003
0.55969
-1.15502
-1.05162
-1.51803
-1.66663
-0.69413
0.56820
0.21803
0.36213
-0.74808
-0.01115
-0.03883
0.00883
-0.09396
-0.41542
-0.66144
-0.18264
-0.45912
-0.49207
0.43533
-0.68317
-1.34431
-0.69885
-0.52266
0.69947
-0.35590
-0.19918
0.12153
0.45872
-0.67237
0.04318
-0.07718
0.00502
-0.06426
0.47226
-0.18878
-0.44565
0.11528
0.54937
0.73317
0.59506
0.00754
-1.21275
-0.38205
0.14087
0.13654
-0.22301
-0.24668
0.72282
-0.66053
0.09061
0.05739
0.00168
0.00570
0.05751
0.21378
0.25477
0.53162
0.31416
0.11190
0.18175
-0.21388
0.11890
1.52360
1.39488
-0.44436
-1.40860
-0.30541
0.43739
-0.45346
-0.04107
0.01150
0.01606
0.06968
-0.11279
-0.37092
0.55000
0.28664
-0.05523
-0.57860
-0.96243
-0.53001
0.68560
0.98159
-0.05972
-0.70770
-0.38012
0.55490
0.38324
0.06456
0.16612
0.10589
0.00805
-0.00127
-0.02479
-0.69218
-0.26478
-0.10501
0.31249
0.02694
-0.65442
0.27008
0.42599
-0.38452
-0.01108
0.45448
-0.23083
0.47246
0.39588
0.54456
0.41223
0.40129
0.00070
-0.00652
0.05977
-0.04461
0.12239
0.06711
0.53262
0.44649
0.13359
-0.17446
-0.61079
-0.41748
0.09712
-0.16198
-0.38351
0.40384
0.03773
-0.10626
-0.01015
0.09195
-0.00014
0.00010
0.05003
0.03633
0.23931
0.65479
0.95671
0.21959
-0.41485
-0.32829
0.04186
0.15703
0.36263
0.33464
-0.17509
-0.09056
-0.10012
-0.03100
-0.00950
-0.01267
0.00000
-0.00078
0.00213
0.05151
0.10163
0.20744
0.52379
0.36952
0.04583
-0.02578
0.02623
0.08200
0.03383
-0.00049
-0.09845
-0.06404
-0.01233
0.00339
0.00073
0.00009
0.00000
0.00007
-0.00021
-0.00471
-0.01784
-0.01671
0.09170
0.04674
0.00905
-0.00017
0.00948
0.01337
-0.00122
0.00089
0.01075
0.00547
0.00000
-0.00035
0.00003
0.00000
0.35888
0.00000
0.00000
0.00001
-0.00002
-0.00104
-0.00532
-0.03169
-0.01090
0.00403
0.01117
0.00297
0.00100
0.00482
-0.01603
-0.03039
-0.00062
0.00098
0.00010
-0.00001
0.00000
-0.00000
0.00000
-0.00080
0.00667
0.01331
0.00439
-0.02783
-0.01549
-0.00301
-0.03917
0.00158
-0.02029
-0.05317
0.19378
0.35905
0.00804
-0.00866
0.00872
0.00130
-0.00017
-0.00000
0.00002
0.01037
-0.08494
-0.31142
-0.25138
-0.54020
-0.73000
-0.45082
-0.18600
0.09778
0.14001
-0.15223
-0.36251
0.08115
-0.01568
-0.08958
-0.21127
-0.00721
0.00287
0.00000
-0.00067
0.03506
-0.23853
-0.54521
-0.42919
-0.46774
-0.65780
-0.35405
-0.34618
-0.10657
0.23220
-0.10128
-0.49661
-0.76191
-0.13403
-0.04402
-0.38996
-0.06525
0.00121
0.00021
-0.00109
0.03954
-0.13371
-0.32984
-0.05747
-0.23525
-0.13951
0.18072
-0.59332
-0.77708
0.00956
0.10205
0.55950
0.28319
0.04794
0.23130
-0.14310
-0.18582
-0.01079
-0.00137
-0.01647
0.01885
-0.15718
-0.14019
0.22449
-0.86692
0.05038
0.30725
0.04563
-1.15040
-1.21813
-0.76788
0.42198
0.72691
0.51510
0.74893
-0.42687
-0.33822
-0.06920
-0.01088
-0.05244
-0.06650
-0.45786
-0.51548
-0.38817
0.65365
-0.34051
-1.04169
1.31231
0.82133
-2.13618
-2.21572
0.07990
-0.18877
-0.99957
0.36355
-0.15476
-0.79940
-0.05656
-0.00805
-0.05434
-0.25820
-0.56085
-0.30098
-0.61712
-0.20539
-0.43924
0.48478
1.25687
0.82116
-1.89445
-1.02428
-0.33670
-0.47917
-0.31910
-0.44603
-0.06299
-0.59788
-0.06398
-0.00081
-0.03519
-0.05175
0.98501
1.14649
0.02597
0.38145
0.42365
-0.11286
0.78388
0.67026
-1.20686
-0.91758
-0.89623
-0.57786
0.09004
0.07109
0.66384
0.20523
-0.06286
0.00883
-0.14305
0.11658
0.88263
0.29073
-0.86913
-1.57640
-0.05745
0.42650
1.34360
0.34776
0.36684
-0.80626
-0.39020
-1.07427
-0.04136
-0.45865
0.01292
0.40945
0.05541
0.01757
-0.29014
0.45428
0.79860
0.08379
-0.88987
-0.68779
0.49213
0.61768
1.60094
0.24111
0.42019
0.23565
0.51615
0.04256
0.26225
-0.97168
-0.56495
0.74215
0.07542
0.00112
-0.07779
0.15811
1.40239
0.38186
-0.23355
-0.88595
0.46856
0.57646
0.18208
0.41382
0.35292
-0.27041
-0.49487
-0.05155
-0.02872
-0.54189
1.17145
0.12855
-0.01419
0.00698
-0.08689
-0.75339
1.36602
0.85570
-1.25541
-0.54233
0.53194
0.46341
0.43568
0.59324
0.23530
-0.42664
-0.45381
0.45800
1.20038
1.86064
1.06783
-0.19834
-0.08652
0.00543
-0.07432
-1.10292
0.11682
0.99289
1.51210
1.22496
-0.13081
-0.84960
0.67700
-0.89035
-1.74097
-1.03410
-0.23060
0.16635
0.30729
0.02460
0.26341
-0.02448
-0.04941
0.00064
-0.03499
-0.51037
0.08876
0.52258
1.14844
1.05486
-0.09557
-0.50044
0.35492
-0.86409
-1.04384
-0.69164
-0.14874
0.48544
-0.58983
-0.15011
0.36885
-0.15080
-0.06297
0.00144
-0.02932
0.20925
0.65770
0.31675
-0.33875
0.22064
0.12970
0.16266
0.28266
-0.87434
-1.07878
-0.63835
-0.83073
-0.64955
0.57646
0.81199
-0.07148
-0.24701
-0.12082
0.00332
-0.04480
0.20261
0.48492
-0.71273
-0.76354
0.20502
-0.55042
-0.85313
-0.81065
-0.95152
-0.78537
-0.36555
-0.14746
0.50422
0.99846
0.26965
-0.00306
-0.03509
-0.02545
0.00207
-0.03695
0.22621
0.35177
-0.68935
0.24558
1.38933
0.00574
-0.59333
-0.77074
-0.39353
0.05617
0.29926
0.29871
0.85055
0.32202
0.00530
0.00363
0.00352
0.00369
-0.00009
-0.00331
0.05373
0.00090
-0.56182
-0.01815
0.60503
0.24676
0.08696
-0.00136
-0.00771
0.11149
0.19758
0.11368
0.01945
0.03170
0.00817
-0.00150
0.00006
-0.00003
0.00000
0.00039
-0.00011
-0.01783
-0.48418
-0.35502
0.04702
-0.00363
0.00287
0.00194
0.00575
-0.01055
-0.01828
-0.00422
-0.00712
-0.00497
-0.00074
0.00010
0.00000
-0.00000
-0.60064
-0.00000
0.00000
0.00000
-0.00001
0.00006
0.00096
0.00173
0.01076
-0.00062
0.00614
0.00222
-0.00007
0.00191
-0.00859
-0.01059
0.00108
0.00041
0.00001
-0.00000
0.00000
0.00000
0.00000
-0.00076
0.00592
0.01394
0.00241
0.03001
0.06551
0.02626
0.02556
0.02003
0.00101
-0.02120
0.07892
0.09925
-0.01818
-0.00107
0.00349
-0.00002
-0.00000
0.00000
-0.00005
0.00955
-0.08525
-0.34202
-0.47343
-0.49705
0.02515
0.07354
0.04945
0.06321
-0.07644
-0.05915
0.44496
0.31806
-0.22644
-0.10531
-0.05849
0.00080
0.00007
-0.00007
-0.00047
0.05191
-0.28964
-0.59818
-0.19911
-0.08548
-0.39163
-0.16514
0.07190
0.42642
0.59628
0.40880
0.60608
0.62407
0.44674
-0.06744
-0.09941
0.00456
-0.00039
-0.00103
0.00017
0.07757
-0.28641
-0.48773
0.29751
-0.01631
-0.49385
0.52888
0.65348
0.38155
0.63827
0.16060
-0.64533
-0.88148
-0.14022
-0.52974
-0.30874
-0.00433
0.00145
0.00922
0.07120
0.06760
-0.14914
0.09649
-0.59732
-0.32713
0.34862
1.43829
1.11376
-0.27631
-0.56663
0.00698
-0.30571
-0.30616
0.29556
0.29361
-0.49674
-0.18079
0.01635
0.04715
0.18265
-0.20834
-0.48722
0.99901
0.51429
0.26244
-0.33846
0.14472
-0.85869
-0.15332
0.92209
-0.05704
-0.07119
0.22967
0.46319
0.64610
0.28377
-0.28915
0.02437
0.02435
0.21828
-0.48978
-0.58942
0.27266
0.45916
-0.06658
0.67879
0.46685
-0.38441
0.31929
0.24111
-0.32760
-0.53193
0.66489
0.51843
-1.04734
0.04953
-0.09605
-0.01160
-0.00259
0.03272
-0.29282
0.43547
1.02433
0.53827
1.40439
1.09838
0.69560
0.78768
-1.35709
-0.77008
-0.06025
-0.71412
-0.51762
-1.30318
-1.50927
-0.23430
-0.11306
0.03226
0.00771
-0.01451
-0.18390
0.24767
-0.10405
-0.38291
0.21329
-1.38538
-1.78638
-1.31270
-1.14630
0.02043
-0.61746
-1.04255
-1.56255
-1.66275
-0.80348
0.03198
0.07890
0.10258
-0.00066
0.05174
0.14445
1.40067
1.14350
1.00068
-0.73827
-3.24182
-1.59269
-1.64309
-1.32150
-0.67447
-1.45653
0.05139
0.98885
0.43352
0.94268
0.66921
0.25615
0.15610
-0.00507
0.06694
0.12117
0.42290
0.47869
0.49301
-0.72671
-1.76441
-0.35031
-1.13728
-1.10799
-0.95691
-0.83521
0.47603
2.03432
0.81163
0.22074
0.49669
0.15082
0.02705
0.00497
0.07108
0.18216
0.83815
0.57544
0.16154
-0.35900
-0.74345
-0.05897
-0.36137
0.55864
0.75930
0.51230
1.44188
1.23749
0.04076
0.44209
0.21749
0.06159
-0.05723
0.00914
0.10478
0.44992
0.26007
-0.37417
-0.32883
-0.29732
-0.39087
-0.18184
0.83130
0.11750
-0.14983
-0.25685
0.61187
0.37892
1.42543
0.02284
0.16039
0.12411
-0.00715
-0.00374
0.03956
0.64515
1.13461
0.55443
0.16359
-1.18859
-0.76191
-0.84707
-0.38874
0.10382
0.51887
0.86688
0.95322
0.31859
-0.61508
-0.66883
0.40515
0.02630
-0.00843
-0.00026
-0.00476
0.18638
0.87254
0.54875
0.56466
-1.00154
-1.31049
0.02181
0.79331
0.25526
0.37927
0.57502
0.66401
-0.57636
-1.00662
-0.03668
0.51319
-0.02338
-0.07407
-0.00117
0.00041
0.12730
0.83624
0.47865
0.42220
-1.01695
-1.22663
-0.17529
0.02088
-0.20750
0.71374
0.64311
0.62745
0.87069
0.46891
0.30606
0.25117
0.01697
-0.01926
-0.00109
0.00758
0.04737
0.30263
0.80650
1.09752
0.06811
-0.10393
0.23481
0.39028
-0.07263
-0.16521
-0.04986
0.50219
1.18333
0.43779
0.05557
0.02284
0.00862
0.00149
0.00004
-0.00027
-0.00925
0.03338
0.33252
0.18389
0.08130
0.00937
0.02606
0.09059
0.17607
-0.01310
-0.06776
-0.01184
0.03850
-0.01336
-0.01406
-0.00481
-0.00022
0.00003
0.00000
0.00001
-0.00020
0.00091
0.00838
-0.02682
0.00995
0.00321
-0.00722
-0.01311
-0.02917
-0.03476
-0.02246
-0.00379
-0.01365
-0.00188
-0.00215
-0.00065
0.00007
-0.00000
-0.30283
-0.00000
-0.00000
-0.00000
-0.00001
0.00009
0.00084
0.00662
0.02802
0.00652
0.00378
0.00127
0.00057
0.00253
0.00308
0.00199
-0.00016
-0.00009
-0.00001
0.00000
-0.00000
0.00000
0.00001
-0.00006
-0.00019
-0.00308
-0.01151
0.04595
0.12124
0.08260
0.12445
0.04665
-0.00581
-0.02840
-0.03458
-0.02285
0.00010
0.00017
0.00478
-0.00003
0.00001
-0.00000
-0.00008
0.00173
-0.00303
0.00108
-0.04260
0.24607
0.73911
0.53916
-0.28143
-0.36916
-0.13022
-0.17019
-0.32052
-0.21547
-0.03005
0.00309
-0.07485
-0.00033
-0.00108
0.00000
-0.00013
-0.00077
-0.00432
0.10353
0.28098
0.59796
0.58876
0.11192
0.08325
0.41145
-0.51011
-0.06670
0.43952
0.10127
0.21362
0.14174
-0.19830
0.03176
0.00452
0.00005
0.00086
-0.01553
-0.05495
0.09953
0.40884
0.29157
-0.25406
-0.09212
0.54595
0.88570
-0.39525
-0.16528
0.39258
-0.21014
-0.06024
-0.00334
-0.17354
0.23932
0.02619
-0.00019
0.00742
-0.09250
-0.34158
-0.05650
0.56658
0.28414
0.12982
0.57182
-0.59819
-0.38503
1.05641
1.30719
0.89860
-0.42925
-0.73899
-0.64092
0.03782
0.50911
0.05521
0.00273
-0.02668
-0.20710
-0.14534
0.15257
0.26811
-0.12529
0.53093
0.86386
0.56285
-0.14754
0.63661
1.99034
0.71331
-0.14480
0.21059
0.05850
0.62817
0.15848
-0.04795
0.00094
-0.03451
-0.28684
0.60350
-0.08022
-0.19816
0.33694
0.33321
-0.27156
0.68920
0.72409
0.34547
-0.73622
-0.72191
-0.11501
0.79257
0.78971
0.71498
-0.14977
0.03552
-0.00288
-0.02113
-0.30646
-0.27553
-0.34047
-0.16670
0.72372
0.90178
0.83458
1.52716
-0.23686
-0.42662
-2.05691
-1.90494
-0.90990
0.14650
0.79377
0.21931
0.04071
0.08623
0.00049
-0.01185
-0.34762
-0.40529
0.48815
-0.01765
-0.22483
0.11115
-0.23075
-0.51985
-1.51241
-2.04842
-1.78833
-1.75244
-0.61522
-0.50203
-0.03500
-0.07807
-0.03027
0.12422
-0.01860
-0.03005
-0.28587
-0.22357
-0.91945
-1.65003
-0.60994
-1.29065
-1.92563
-2.17564
-2.53531
-0.78990
0.55472
-0.24360
0.47042
-0.15500
-0.60815
0.62102
0.04728
-0.24061
-0.03241
0.02469
-0.09832
-0.30183
-1.13408
-0.53816
-0.13376
-0.33426
-0.55868
-0.28395
-0.23432
0.67647
0.40447
0.07599
0.41846
-0.86121
-0.38094
0.22853
0.00549
0.05700
0.00714
-0.11272
0.00298
-0.53079
-1.01075
0.82360
0.28961
1.42496
0.06622
1.31152
0.71859
0.10489
-0.13994
0.06731
0.05614
0.01733
-0.02565
-0.28608
-0.42612
0.04336
-0.00342
0.04800
0.32907
0.14810
-0.79423
0.25677
-0.31877
0.59560
-0.02027
-0.29968
0.16080
0.44385
0.36222
0.33119
-0.80826
-0.93006
0.18552
-0.47273
-0.45805
0.06767
-0.00072
0.01899
0.23883
0.40425
0.63382
-0.17140
-0.55101
0.96065
0.19688
-0.85067
-0.03234
0.23838
-0.01632
0.42104
-0.68541
0.22376
0.50241
-0.29806
-0.37848
-0.02268
0.00328
-0.03729
0.10717
0.14758
0.68190
0.48261
0.17584
0.35350
0.33564
0.23405
0.15882
0.05864
-0.03626
-0.36272
-0.50589
-0.06738
-0.10745
-0.28097
-0.18345
0.09186
0.00086
-0.00770
0.03024
-0.22952
0.28908
0.25009
-0.08434
0.90504
0.84708
1.26266
0.82331
0.88414
0.34564
-0.98965
-0.92277
-0.69270
-0.52961
-0.39835
-0.12423
0.02767
-0.00014
0.00236
-0.01822
-0.04421
-0.14732
-0.55311
-1.15366
-0.25801
0.04364
0.66243
0.22689
0.47989
0.19560
-0.21982
-0.50831
-0.37582
-0.10995
-0.01225
-0.04561
-0.00097
0.00000
0.00035
0.00485
-0.07596
-0.27680
-0.30314
-0.43138
-0.38734
-0.23818
-0.21065
-0.21373
-0.60609
-0.52102
-0.09857
0.00546
0.02172
0.00816
0.00369
0.00251
0.00002
0.00000
-0.00004
0.00092
-0.00128
-0.05916
-0.05435
-0.04603
0.01558
-0.00978
-0.01152
-0.03700
-0.09096
-0.08474
0.00199
0.00192
-0.00010
-0.00117
-0.00022
0.00003
-0.00000
-0.95075
0.00000
-0.00000
-0.00000
-0.00001
0.00024
-0.00114
-0.00169
0.00237
0.00507
0.02908
0.00682
-0.00131
-0.00196
0.00607
0.01022
0.00047
-0.00014
-0.00000
0.00000
0.00000
-0.00000
-0.00000
0.00013
-0.00080
-0.00657
0.00706
0.00125
-0.02681
-0.08007
-0.35023
-0.08737
0.00495
0.02334
-0.06300
-0.11830
0.00089
0.00810
0.00266
-0.00008
0.00000
-0.00000
-0.00011
-0.00016
0.01853
0.05960
0.00784
-0.11292
-0.47391
-0.63703
-0.20766
0.19424
0.13366
0.05486
-0.28045
-0.25389
-0.01101
-0.01964
-0.00301
0.00091
0.00033
0.00004
0.00144
-0.01798
-0.02612
0.00319
-0.21046
-0.34941
-0.42088
-0.20019
0.03928
0.10807
-0.10265
-0.29799
0.01092
0.17165
-0.52710
-0.64004
-0.41850
0.00354
-0.00048
0.00074
0.00793
-0.03440
-0.26476
-0.83028
-0.98500
-0.78500
-0.38908
-0.46831
-0.49256
-0.81883
-0.52997
-0.69873
0.01093
0.91451
-0.16916
-0.95956
-0.68073
-0.01118
-0.05187
-0.00927
-0.06173
-0.07408
-0.32809
-0.44894
0.65049
0.38568
-0.16723
-0.48242
-0.57661
-0.39819
0.42557
-0.60847
-1.17091
0.15344
0.96527
0.73844
0.03816
0.06134
-0.14018
-0.04014
-0.26191
-0.16765
0.26549
-0.25006
0.38211
0.23538
-1.17424
-0.82557
-0.64029
-0.49309
-0.14004
-0.05319
0.02068
-0.34633
-0.28406
0.40343
0.01527
-0.10955
-0.02966
-0.02290
-0.26448
0.00750
0.70426
0.47572
1.07071
0.86628
-1.03484
-0.81102
-0.60819
-1.30060
-0.77855
-0.24171
-0.25265
0.16386
-0.53284
-0.89197
-0.44951
-0.65978
-0.13016
0.00490
-0.11058
0.26935
0.82906
0.53050
0.43915
0.23591
-0.99087
-0.65464
-1.05498
-0.02201
0.49665
-0.45125
-0.68796
-0.59110
-0.91807
-1.47161
-0.42402
-0.36889
-0.02758
0.01401
-0.25635
-0.31420
-0.07071
-0.44515
1.10139
0.74182
-1.16714
-0.29705
-0.68164
0.93268
1.35980
1.32970
-0.17204
-1.09050
0.42841
-0.21013
0.77794
-0.00912
0.06863
0.03081
-0.53740
-0.42392
0.23404
0.53977
0.69615
-0.59726
-2.19511
-0.12848
-0.36353
0.62237
0.68297
1.29655
-1.15169
-0.33835
-0.49879
-0.23499
-0.21049
-0.32443
0.08492
-0.00859
0.01403
-0.50821
0.22990
-0.36656
-0.02893
0.69707
0.55518
0.88350
1.21466
0.47869
1.09884
0.83047
-0.48064
-0.66717
-0.52595
0.16108
-0.58164
-0.16519
0.12653
0.01889
-0.37506
-0.76926
0.87368
0.42856
-0.10773
1.26102
1.23778
0.60693
1.19440
0.16744
1.49462
1.08318
-1.61896
-1.04686
-0.09236
0.33378
-0.26401
-0.27596
-0.06923
0.01651
-0.42598
-0.79467
-0.26732
-0.17937
1.06045
0.46946
0.46575
1.49237
1.65267
1.57914
1.19294
0.02746
-1.37165
-0.64946
-0.67899
0.44567
-0.24200
-0.03114
-0.00047
0.01237
-0.19726
-0.54701
-0.35583
0.13912
0.66916
0.81218
1.32096
1.61160
1.05905
-0.13204
-1.38378
-0.26134
-0.02531
-0.13699
0.02449
0.18738
-0.18041
0.05107
-0.01046
0.00424
-0.07015
0.08093
0.03783
0.66861
-0.18937
-0.55405
1.45852
0.36180
-0.19310
-0.13238
-0.95834
-0.88012
-0.84861
0.23353
0.92254
0.07998
-0.13635
0.00773
-0.03475
0.00022
-0.00082
0.02483
-0.29493
0.44191
-0.16464
-0.11771
0.94948
-0.36872
-0.79315
-0.43863
-0.65473
0.15045
-0.60042
-0.59774
-0.17661
-0.08092
0.05045
0.03421
-0.00830
-0.00002
0.00561
-0.02734
-0.32639
-0.57501
-0.54110
-0.75946
-0.60992
-0.49327
-0.65151
-1.00487
-0.15840
0.48282
-0.44732
-0.32283
-0.17149
-0.05553
0.04186
0.00744
0.00063
-0.00000
0.00310
-0.00741
-0.26470
-0.56540
0.16533
-0.43787
-0.74509
-0.00089
0.22581
-0.13463
0.03370
0.01978
0.02679
0.02991
0.01884
0.00956
-0.00242
-0.00076
0.00002
-0.00000
-0.00028
0.00396
-0.00590
0.00842
0.00327
-0.05374
-0.01392
0.01658
0.05336
0.04108
0.08173
0.07463
0.00381
-0.00084
-0.00063
0.00036
0.00021
-0.00002
-0.00000
-0.52831
-0.00000
0.00000
0.00000
0.00003
-0.00039
-0.00241
-0.00715
-0.00629
-0.00671
-0.01766
-0.00406
0.00046
-0.00087
0.00442
0.00445
-0.00019
0.00006
0.00001
-0.00000
0.00000
0.00000
-0.00003
0.00009
0.00192
0.00553
-0.00467
-0.01598
-0.00474
0.00794
0.10245
0.01031
-0.01505
-0.01073
-0.06843
-0.05928
-0.00782
-0.00693
-0.00041
-0.00029
-0.00027
-0.00000
0.00023
-0.00179
-0.01082
-0.03443
0.09098
0.12882
-0.09920
-0.28242
0.52351
0.62576
0.41337
0.31896
0.19523
0.02122
0.17304
0.10817
0.01510
-0.00216
0.00534
-0.00002
0.00099
-0.00024
-0.07823
-0.26841
-0.15780
-0.29997
-0.40049
-0.42577
-0.07065
0.11997
0.34742
0.53248
0.73826
0.73888
0.55596
0.30083
-0.03865
0.04446
-0.00882
-0.00033
-0.00299
0.01319
0.08708
-0.10152
-0.30182
-0.35681
-0.30383
0.01567
-0.12990
-0.23974
0.61272
0.24420
-1.05891
-0.45270
0.99466
0.90598
0.08860
0.10950
-0.07727
0.00413
0.03090
0.06918
0.00509
-0.05853
0.00216
-0.39163
-0.54535
-0.07822
-0.30547
0.22909
0.24272
-0.77388
0.09060
-1.14496
0.86770
1.37945
0.65054
0.37474
0.13582
0.01809
0.12484
0.26181
-0.21969
-0.48113
-0.82682
-0.70619
-0.49414
-0.33428
-0.27036
-0.04920
-0.66195
0.28024
1.58471
-0.11584
0.56251
0.33337
-0.50839
0.19290
0.16261
0.00491
0.20796
0.59008
0.13932
-0.49327
-0.76773
-0.08223
-2.02724
-1.20759
0.15810
-0.27938
-0.14295
0.61748
1.07930
-0.20811
0.55659
0.74535
0.43093
0.45305
-0.19328
-0.00500
0.15082
0.33301
0.59572
-0.41944
0.48743
-0.29009
-1.68974
-2.08995
-1.77629
-0.74000
-0.12222
0.65852
-0.01501
-1.10542
0.09945
-0.31255
-0.29486
1.23097
-0.22035
-0.01151
0.26506
0.61512
1.49273
1.52884
1.22992
1.58292
-0.31613
-0.80460
-1.81470
-0.18348
-0.50968
-0.31676
-1.23491
0.33772
0.11490
-0.11577
-0.03108
0.95419
-0.01908
-0.02221
0.69582
1.12817
0.99046
1.41623
1.51627
2.43463
2.08486
1.35685
0.24155
0.32157
-0.55376
0.40693
-0.06433
0.44131
0.25653
-0.74337
-1.41516
0.37908
0.62046
0.01298
0.27995
1.27395
1.05464
-0.36172
0.73140
-0.26986
-0.39166
-0.35131
1.24507
0.13314
0.66540
-0.87671
0.52461
0.16145
0.54445
0.09972
0.28573
0.94090
0.19281
-0.01609
0.24188
1.26502
-0.14520
-0.30835
1.23566
-0.07473
0.25224
0.34500
0.40920
0.72092
-0.11189
-0.21039
0.76282
-0.68024
-0.41958
-0.08307
0.59455
1.14631
0.14873
-0.00592
0.12057
0.48442
-0.34117
0.43691
-0.41119
0.97359
0.67494
-0.36218
-0.43741
0.47860
-0.96384
0.14169
-0.43998
0.12170
0.49930
0.36778
0.21596
0.56566
0.16385
-0.01180
0.18438
0.47513
-0.64124
-1.42331
-1.02018
1.30193
0.62350
0.31335
-0.72842
1.04131
-0.74169
0.45545
0.76119
-0.69761
-0.67733
-0.13214
0.34583
0.82181
0.15260
-0.01415
0.16552
0.53058
-0.12949
-0.66607
-0.35989
-0.49814
0.75076
1.45346
0.41689
0.69384
-0.40058
-0.76949
-0.02312
-0.15321
-0.32096
-0.13667
0.54647
0.54111
0.07512
-0.00214
0.02609
0.04490
-0.11545
-0.69788
-1.25848
-0.15953
0.89744
1.53340
1.73820
-0.05012
-0.11582
0.06130
0.57176
0.25345
-0.14456
-0.02272
0.50695
0.11152
-0.01605
0.00008
0.01229
-0.16400
-0.49950
-0.51694
-1.04596
-1.41856
-0.08314
0.33750
0.80944
-0.24151
-0.46932
-0.74399
0.07842
0.00087
-0.11820
-0.19185
-0.00190
0.00287
-0.00355
0.00001
0.00473
-0.03140
-0.25404
-0.03268
-0.78589
-1.24765
-0.83111
-0.26955
0.04353
0.05086
0.06623
-0.06281
0.06355
0.05025
0.00362
0.00690
-0.00510
-0.00093
0.00035
-0.00000
-0.00044
0.00423
0.00376
0.12118
0.09826
-0.05435
0.03153
0.02691
0.04289
0.00983
0.01238
0.00540
-0.00608
-0.00234
0.00110
0.00019
-0.00001
-0.00000
-0.00000
-1.13650
-0.00000
-0.00000
-0.00003
0.00024
0.00070
0.00224
0.01078
0.00194
-0.00107
-0.00311
-0.00074
0.00080
0.00098
0.00699
0.01566
0.00184
-0.00018
-0.00000
0.00000
-0.00000
-0.00000
-0.00003
0.00056
-0.00235
-0.00313
0.00541
0.00898
-0.00712
0.00472
0.03527
0.00573
-0.00967
-0.00483
-0.07301
-0.17343
-0.02481
0.00315
0.00816
0.00106
-0.00029
0.00000
0.00030
-0.00180
-0.01713
-0.01537
-0.01913
-0.04463
0.01856
0.09587
0.10241
0.10258
0.08085
-0.08386
-0.40315
-0.48827
0.03061
-0.00711
-0.12348
-0.00166
0.00161
0.00000
0.00062
-0.00727
-0.00948
0.02864
0.19293
0.23357
0.08935
0.12909
0.01302
-0.04351
-0.31997
-0.31660
-0.13402
-0.28014
0.06623
-0.12854
-0.37678
-0.08159
0.02294
0.00002
0.00106
-0.01545
-0.06685
0.08373
0.73225
0.87215
0.21399
0.07163
0.08722
-0.13356
-0.33724
-0.02656
-0.07954
-0.22064
0.01382
-0.19225
-0.44162
-0.02480
0.03559
-0.00085
0.01206
-0.01274
-0.17561
0.52474
1.73372
1.29948
0.31446
0.19886
0.16473
0.29580
0.51005
0.25219
0.23684
-0.31400
-1.15307
-0.01516
0.45585
0.14993
0.05902
-0.00106
0.00837
0.17397
0.01552
0.22495
1.52433
0.99943
0.46392
0.31032
0.28839
0.17649
0.64775
1.34972
0.63209
-0.66574
-0.94189
-0.32344
0.49521
0.25037
0.07934
-0.00097
0.01551
0.20338
0.22691
0.12298
0.79657
0.70758
1.14862
0.99003
1.55131
0.08191
1.45214
2.23662
0.40919
-0.06509
-0.05592
-0.83110
0.29886
0.31245
0.01823
-0.00808
0.10725
-0.15181
-0.12695
0.11368
0.11557
0.44955
1.19708
0.34261
0.53503
-0.66241
0.49860
0.65224
0.42250
-0.14003
0.13979
-0.29799
0.06487
0.33096
0.04355
-0.01605
0.17206
-0.03934
0.48730
0.06774
-0.78671
-0.18256
-0.21449
-0.18356
-0.30450
-0.80009
-0.13193
-0.01502
-0.70064
-0.40348
0.79978
0.07989
-0.50865
0.12405
0.04143
-0.00728
0.07009
0.11708
0.65357
0.66086
-0.85625
-0.52666
-1.35070
-0.26060
-0.11792
-1.12838
-0.11988
0.51328
-0.92015
-0.65644
-0.02366
0.48679
0.92339
0.26130
0.02249
0.02358
0.00370
-0.37710
0.11605
0.98588
-0.14202
-0.71661
-0.52217
0.18445
0.17489
-0.15533
0.90232
0.58151
0.15302
0.39796
0.12082
-0.13036
1.41829
0.27611
0.00031
0.01045
-0.07934
0.38346
0.55991
0.71387
0.91264
0.50003
0.03387
-0.03953
0.37210
-0.28367
-0.37703
-1.02903
-0.76429
-0.09430
1.43064
-0.35693
-0.21018
0.17859
0.00643
0.00026
-0.10506
0.12512
-0.00281
-0.35873
-0.16319
-0.04755
-0.50795
-0.17237
0.75969
0.65602
-0.17257
-0.15116
0.21628
0.27632
1.30630
0.77980
0.38882
0.03322
0.00148
-0.00773
-0.05232
0.26677
0.10337
-0.55126
0.26315
0.12899
-0.03721
0.85339
0.73301
0.80260
0.78468
0.52673
-0.04074
0.90158
0.93894
0.74978
0.81370
-0.01663
-0.00364
-0.00452
0.00221
0.10876
-0.03229
-0.24087
0.44160
-0.37023
-0.10769
0.59375
0.83439
1.09664
0.60785
0.46658
-0.03851
0.14165
0.57482
0.35005
0.38797
-0.01438
0.00144
-0.00060
0.01215
0.01473
-0.51566
-0.55927
0.24539
-0.24317
-0.20298
-0.12877
0.54226
0.50223
0.52257
0.73547
-0.17048
-0.25372
0.40361
0.03270
-0.00542
0.00752
0.00121
-0.00046
0.01208
-0.03538
-0.24449
-0.37370
0.09613
-0.52037
-0.54070
-0.25331
0.24177
0.04214
0.25174
0.59249
-0.02859
-1.00618
-0.19488
0.02036
0.00129
0.00476
-0.00023
0.00002
0.00272
-0.03090
-0.05077
-0.07313
-0.19923
-0.35164
-0.42971
-0.01800
0.10929
-0.02051
0.07273
0.12549
0.04538
-0.10945
-0.01746
0.00047
-0.00010
-0.00031
-0.00000
-0.00000
-0.00027
0.00164
0.02099
-0.07931
-0.07888
-0.02175
0.01270
-0.00275
0.00393
-0.00226
0.00169
-0.00554
-0.00931
0.02966
0.00436
-0.00019
0.00003
-0.00000
0.00000
-0.77447
0.00000
0.00000
-0.00000
-0.00006
0.00126
0.00961
0.01607
0.00807
-0.00485
-0.02247
-0.00555
-0.00024
-0.00327
0.00281
0.01447
0.00473
-0.00051
-0.00000
0.00000
-0.00000
0.00000
0.00000
0.00034
-0.00349
-0.00615
-0.00613
0.01021
0.04834
0.05723
0.20575
0.04228
0.00530
0.02670
-0.04016
-0.17026
-0.04710
0.00389
-0.01515
-0.00148
0.00070
-0.00000
-0.00021
-0.00420
0.05556
0.15343
0.27002
0.72856
0.94939
0.77166
0.30946
-0.05258
-0.06431
0.06274
0.29054
0.17855
-0.07044
0.19046
0.34754
0.00288
-0.00823
-0.00000
0.00114
-0.01655
0.01895
0.29951
1.03815
0.94102
0.94833
-0.20938
-0.32676
-0.58121
-0.11157
0.69580
0.13345
0.16056
-0.39012
0.05531
0.62276
0.06653
-0.02434
-0.00002
0.00783
-0.03309
-0.48389
-0.08119
1.56958
0.65296
0.05989
-0.74912
-0.65738
-0.32557
0.08476
0.05161
-0.99906
-0.05117
0.23673
-0.03695
0.17732
0.27093
0.00171
-0.00029
0.01437
-0.16310
-0.60081
0.44389
1.45140
1.02140
0.87661
0.22020
-0.66130
-0.79790
0.20946
-0.68381
-0.23721
0.95186
0.38520
-0.16625
0.73572
0.59891
0.05129
0.00518
-0.05131
-0.28560
-0.08194
-0.03736
0.63519
0.25149
0.15432
0.00774
-0.49761
-0.62316
-1.21291
-1.13993
-0.45741
0.85270
-0.21708
0.04584
0.21338
0.20701
-0.07129
0.00322
-0.02653
-0.14591
0.15879
0.15293
0.31832
0.19389
0.27742
-0.44248
-0.70087
0.40109
-0.45252
-0.17370
0.07942
1.02166
-1.67041
0.29925
0.69159
0.38133
0.03718
-0.00021
-0.00313
-0.36670
0.71100
0.45319
-0.32298
0.42750
1.15735
0.85387
-0.90936
0.16603
-0.91161
0.13998
0.33021
0.55155
-0.21955
0.63074
0.76973
0.04588
-0.01115
0.00169
-0.02806
-0.29430
0.13051
0.57039
0.58073
-0.39568
-0.17847
0.50849
-0.74550
0.46987
-0.68303
-0.78512
-0.73505
-0.27575
0.05431
1.63754
0.49413
-0.07517
0.11999
0.00374
-0.04022
0.11337
0.36991
0.52680
-0.20275
0.34066
1.25488
0.85586
-0.12071
-0.24271
-1.05551
-0.66568
-1.30098
-1.42744
0.62121
2.10146
0.40249
-0.83155
0.03886
-0.00174
-0.01776
0.09320
0.55442
0.84263
0.02368
-0.17400
1.05494
-0.15616
0.42990
-0.31648
0.12736
0.14411
-1.43654
-1.73789
-0.00722
1.35308
-0.14820
-0.51994
-0.13475
-0.00196
-0.01530
0.86837
-0.38181
0.06582
1.32957
-0.05784
1.34007
0.26298
-0.73646
-1.46863
-0.79545
-0.07717
-0.27981
0.07830
-0.94281
0.35435
0.22733
0.49117
0.08658
-0.00075
-0.00114
0.26171
0.40005
-0.32190
0.82687
0.49054
1.76841
1.96924
-0.24668
-0.49909
0.91087
0.13828
0.08012
-0.64955
-2.21251
0.06597
0.10564
0.15679
0.09827
0.00418
0.03308
-0.55515
0.10200
0.96476
-0.02893
-0.83012
0.43159
1.00805
-0.70392
-0.75905
1.21588
-0.24493
0.35508
-0.93370
-1.35684
-0.32940
-0.17789
0.50945
0.18365
0.00200
0.00520
-0.19990
0.16793
1.07932
-0.10703
1.14492
1.56774
0.69613
0.24204
-0.69572
0.03396
-0.15909
0.50515
-0.65900
-0.78819
-0.31613
0.30560
0.83483
0.83340
0.00088
-0.00653
-0.07094
-0.07665
0.06299
-0.42623
1.01974
0.94958
0.44286
-0.11223
0.07825
0.04513
-0.45989
-0.39252
-1.72981
-1.33062
-0.74057
-0.38491
-0.07798
0.19914
0.00074
-0.01011
0.02252
-0.02831
-0.36513
-0.27906
1.21139
0.18905
-0.83430
-0.86741
0.33484
0.68600
0.31917
0.06932
-0.81970
-0.36374
-0.15990
-0.03843
-0.04256
-0.02154
-0.00003
-0.00004
0.01236
-0.04980
-0.35954
-0.12695
0.45233
0.00905
-0.07985
-0.04885
-0.21126
-0.37395
-0.29117
-0.13652
-0.07347
-0.00854
0.00029
0.00341
0.00237
-0.00014
-0.00000
0.00003
0.00010
0.00097
-0.10760
0.00983
0.12193
-0.00196
-0.00076
0.00329
-0.01529
-0.05038
-0.04133
0.00531
-0.01613
-0.00274
-0.00249
-0.00087
0.00009
0.00000
-1.67414
0.00000
-0.00000
-0.00003
0.00025
0.00094
0.00559
-0.00152
-0.00410
0.00006
-0.00006
-0.00014
0.00064
0.00276
-0.00818
-0.01857
-0.00220
-0.00126
-0.00021
0.00003
-0.00000
-0.00000
-0.00001
0.00031
-0.00150
0.00162
0.00960
0.00423
0.00252
0.01845
0.00780
0.00476
0.00018
-0.02972
0.07991
0.19522
0.00697
0.00369
0.00200
-0.00100
0.00006
0.00000
0.00030
0.00195
-0.04784
-0.11539
-0.04357
-0.10588
-0.04687
0.02264
0.02365
0.05723
0.02609
-0.02705
0.23517
0.57537
0.19311
0.06489
0.00444
0.00630
-0.00276
0.00000
-0.00060
0.00468
0.01672
-0.07320
0.09047
0.27739
0.09136
-0.61244
-0.72040
-0.87665
-0.91431
-0.20501
0.50254
0.48080
0.88951
0.45272
0.06025
0.05168
0.01187
0.00003
-0.00479
0.02441
0.20628
0.23135
0.49647
0.67119
-0.17910
-1.06647
-1.23706
-1.85331
-1.18761
0.58533
0.41164
0.40898
1.16380
0.55357
0.21511
0.30288
0.03431
-0.00045
0.00438
0.03438
0.14340
0.51663
0.52815
0.67295
0.04456
0.08131
-1.41444
-1.91182
0.21839
1.14633
1.92139
0.57233
-0.48199
0.16172
0.46996
0.77518
0.22890
-0.00448
0.05582
0.08701
0.15609
0.29289
0.53548
0.67123
0.33970
0.12533
-1.48725
-1.04677
0.04829
-0.75351
0.14054
0.10291
0.57508
-0.42642
0.27851
1.11388
0.12828
-0.00499
0.07308
-0.12017
0.24111
0.28559
0.42658
1.45081
0.69752
-1.47176
-1.40403
-0.04127
1.28475
-0.74498
-0.14248
0.13285
0.77694
0.13639
0.29279
1.05034
0.10168
-0.00404
0.05906
-0.15550
0.46947
0.34403
-0.08809
0.29810
-0.54845
-0.74473
-1.91584
-0.82877
-0.17900
-0.83345
-0.10442
0.36618
1.02289
-0.56345
-0.76138
0.48952
0.34660
-0.00874
0.07501
0.29958
1.11655
-0.11881
0.17602
1.54191
-1.25643
-2.54786
-0.35279
0.55182
0.08405
-0.14039
-0.57484
0.59450
1.79482
-0.57087
-0.50111
1.34959
0.43597
0.01383
-0.07476
0.38389
1.07155
1.52646
0.36579
0.41582
-0.36008
-1.58946
0.60953
-0.40259
0.32181
-0.30646
0.35389
-0.08851
-0.47134
-1.14442
0.70832
1.21736
0.30591
0.05302
-0.24003
-0.15834
-0.27245
0.46294
-0.08617
0.30548
0.24960
-1.71441
0.30417
0.19356
-1.60710
0.83832
1.14372
0.67354
0.12771
0.59003
-0.14255
0.73127
0.31444
0.00778
-0.16603
-0.26889
-0.48555
-0.77017
0.59347
2.23604
-0.58156
-3.55707
0.30479
0.94141
-0.37799
0.54827
0.29883
-0.48989
-0.32800
0.17752
-0.33022
0.39766
0.11928
-0.01514
-0.09376
-0.03542
0.20172
-0.19933
-0.26673
1.73552
1.01020
-1.76927
-1.08224
0.80943
0.14749
0.77564
0.86403
-0.14097
0.09710
-0.35868
-0.86283
-0.43336
-0.04554
-0.01201
0.09400
0.37793
0.62462
0.08665
0.41813
0.62964
-0.01162
-1.74094
-1.81977
-0.45510
-0.39267
-0.57998
-0.53235
0.31655
-0.03732
-0.69333
-0.03091
-0.39353
0.00550
-0.01042
0.12746
0.13784
0.01916
0.57593
-0.12325
0.50077
-0.32617
-1.98252
-1.88872
-1.32248
-0.61994
0.24041
0.42269
-0.37993
-0.40691
-0.00080
0.35813
-0.14116
0.01348
-0.00073
0.01427
0.05766
-0.22952
0.21468
0.49658
0.69276
-0.66315
-2.16361
-1.48569
-1.30070
-0.82042
-0.00611
0.39976
-0.24855
-0.05784
0.06106
-0.06628
-0.04381
0.00087
-0.00045
0.00044
0.14145
-0.10056
0.07336
0.51626
0.91543
-0.08413
-0.82477
-0.36483
-0.18946
0.52017
0.58012
0.50803
-0.07552
0.01103
0.01116
-0.04585
-0.00506
0.00004
0.00002
-0.00229
0.02039
0.00874
0.28512
0.32930
0.65822
0.48722
0.16838
0.22621
0.08888
0.26850
0.31684
0.21918
0.08064
-0.01344
-0.00971
0.00479
0.00027
0.00003
-0.00000
0.00018
0.00009
0.00209
-0.42312
-0.27398
0.08891
-0.00251
0.00707
-0.01720
0.00839
0.00728
0.00071
-0.01832
0.00492
0.00442
0.00072
0.00000
-0.00001
0.00000
-2.57066
-4.10350
1.38409
-7.65320
-2.42535
-4.69268
1.54596
4.17638
6.37566
2.17478
-4.34456
2.26275
-4.32417
3.69095
3.57546
5.10812
-0.56687
-5.20071
3.74367
1.65726
-0.76732
-3.51644
-1.60841
-7.20794
-2.51095
-4.15076
-1.92262
1.35782
-4.21805
6.48571
-3.71551
-1.56553
-1.49055
5.35596
-4.24599
-4.06284
-6.58214
-8.40595
-6.23889
5.19759
1.44370
5.24562
-7.66038
-2.09452
-0.40578
-7.05304
-2.94471
4.49987
0.31956
7.08142
-7.59221
3.92451
-2.30937
-7.83453
3.65499
-8.75480
0.02978
5.84210
2.80066
-5.60690
0.20452
-3.21272
4.06173
-7.31694
2.26291
2.16296
7.44048
-8.55259
-4.27706
4.29501
-8.49606
-7.48684
-5.63649
-0.25784
2.44829
-3.45409
4.59783
-2.23893
-2.74218
1.57930
1.23330
0.38179
6.11060
-1.19799
-6.13631
0.54330
3.10245
-10.50402
4.61100
2.30891
-3.85656
-8.81490
3.32769
-1.40718
-1.12218
-5.58987
-1.13564
-0.09031
4.11632
3.83782
-7.16217
-0.67294
-6.13975
-4.57963
-2.40197
-6.60095
5.45250
5.17194
-0.09132
-6.59893
-1.65811
4.91110
-4.76835
-0.78349
1.05675
2.29121
2.56860
-1.92626
-5.61236
-0.91067
-0.31613
4.09048
3.44588
9.26322
-7.26153
-7.39352
-10.13196
-4.40866
-0.84797
7.34628
-3.27822
1.04189
-2.81854
0.10582
-2.05952
3.06298
2.15332
-8.50628
6.53374
-5.83095
-5.08955
2.86056
2.76770
6.56272
-3.37260
-1.40477
2.79287
-4.06350
-7.75132
1.41054
-0.80776
-7.00946
0.85940
-3.20931
-4.73578
-3.72525
-1.85566
4.99097
-6.30076
-7.81370
-4.64346
-7.35301
-6.60789
-4.25101
-2.18177
-2.23616
4.08562
-5.61084
3.08690
-1.55675
2.65088
6.57105
0.71437
1.02811
-2.97539
0.39787
4.82788
-5.16374
-2.03165
-0.22745
5.50175
6.02964
-2.83942
-1.17040
-9.36009
1.63678
-0.21110
-3.52945
5.23483
-6.19626
-6.19707
3.00266
-5.97282
3.67497
7.12598
-5.60140
-4.68232
-1.49852
-7.78290
-8.73215
3.93509
-8.54164
-2.88248
5.19560
-5.20801
-1.49948
1.75648
-5.76274
-2.68187
-0.47877
4.72954
-4.17766
-10.57393
2.21072
-7.78731
1.78116
-3.90525
8.36574
-0.91151
2.66648
-3.01199
-3.23175
-7.35046
-8.86804
1.08757
-3.71230
3.43881
4.30718
-7.01316
3.14835
6.03152
-0.90570
-3.46932
-7.04267
-1.53585
-4.33112
-3.85584
2.90144
2.06315
-3.27432
2.02394
-1.81892
-2.00129
0.04836
-3.40031
-4.51301
-6.76178
-7.30227
-5.45221
-3.00356
2.99023
2.82636
-5.64810
0.12125
5.12466
-4.04425
3.62856
-0.58972
3.92877
-4.30129
